  -3.47718969E-03
  -3.26931826E-03
  -3.05817113E-03
  -2.84380978E-03
  -2.62620859E-03
  -2.40540388E-03
  -2.18138192E-03
  -1.95419160E-03
  -1.72380672E-03
  -1.49027526E-03
  -1.25359453E-03
  -1.01376057E-03
  -7.70821935E-04
  -5.24747767E-04
  -2.75592902E-04
  -2.33295141E-05
   2.31994782E-04
   4.90397564E-04
   7.51836924E-04
   1.01632671E-03
   1.28383888E-03
   1.55436771E-03
   1.82791543E-03
   2.10444094E-03
   2.38396297E-03
   2.66644335E-03
   2.95188488E-03
   3.24026961E-03
   3.53160547E-03
   3.82585032E-03
   4.12301207E-03
   4.42308560E-03
   4.72603971E-03
   5.03187487E-03
   5.34058549E-03
   5.65214781E-03
   5.96655160E-03
   6.28380803E-03
   6.60387520E-03
   6.92675356E-03
   7.25245383E-03
   7.58093037E-03
   7.91219436E-03
   8.24622530E-03
   8.58303253E-03
   8.92257690E-03
   9.26487520E-03
   9.60988645E-03
   9.95761808E-03
   1.03080673E-02
   1.06612118E-02
   1.10170562E-02
   1.13755679E-02
   1.17367571E-02
   1.21005969E-02
   1.24670975E-02
   1.28362151E-02
   1.32079804E-02
   1.35823619E-02
   1.39593482E-02
   1.43389488E-02
   1.47211226E-02
   1.51058957E-02
   1.54932132E-02
   1.58831142E-02
   1.62755623E-02
   1.66705642E-02
   1.70680825E-02
   1.74681265E-02
   1.78706981E-02
   1.82757527E-02
   1.86833423E-02
   1.90933775E-02
   1.95059180E-02
   1.99209191E-02
   2.03383937E-02
   2.07583047E-02
   2.11806558E-02
   2.16054544E-02
   2.20326558E-02
   2.24623084E-02
   2.28943415E-02
   2.33287718E-02
   2.37656049E-02
   2.42048185E-02
   2.46464033E-02
   2.50903443E-02
   2.55366601E-02
   2.59853043E-02
   2.64363009E-02
   2.68896222E-02
   2.73452606E-02
   2.78032217E-02
   2.82634869E-02
   2.87260544E-02
   2.91908998E-02
   2.96580363E-02
   3.01274471E-02
   3.05991210E-02
   3.10730487E-02
   3.15492265E-02
   3.20276543E-02
   3.25083025E-02
   3.29911970E-02
   3.34762856E-02
   3.39635983E-02
   3.44531164E-02
   3.49448249E-02
   3.54387164E-02
   3.59347872E-02
   3.64330411E-02
   3.69334444E-02
   3.74360122E-02
   3.79407331E-02
   3.84475924E-02
   3.89565900E-02
   3.94676998E-02
   3.99809480E-02
   4.04963046E-02
   4.10137586E-02
   4.15333137E-02
   4.20549624E-02
   4.25786898E-02
   4.31044884E-02
   4.36323807E-02
   4.41623107E-02
   4.46943007E-02
   4.52283472E-02
   4.57644165E-02
   4.63025384E-02
   4.68426794E-02
   4.73848470E-02
   4.79290076E-02
   4.84751947E-02
   4.90233786E-02
   4.95735519E-02
   5.01257144E-02
   5.06798476E-02
   5.12359589E-02
   5.17940409E-02
   5.23540638E-02
   5.29160537E-02
   5.34799881E-02
   5.40458634E-02
   5.46136647E-02
   5.51833995E-02
   5.57550490E-02
   5.63286021E-02
   5.69040738E-02
   5.74814416E-02
   5.80607019E-02
   5.86418547E-02
   5.92248850E-02
   5.98097928E-02
   6.03965595E-02
   6.09851889E-02
   6.15756810E-02
   6.21680133E-02
   6.27622008E-02
   6.33582175E-02
   6.39560670E-02
   6.45557418E-02
   6.51572272E-02
   6.57605231E-02
   6.63656369E-02
   6.69725388E-02
   6.75812438E-02
   6.81917369E-02
   6.88040033E-02
   6.94180503E-02
   7.00338557E-02
   7.06514344E-02
   7.12707713E-02
   7.18918517E-02
   7.25146979E-02
   7.31392652E-02
   7.37655759E-02
   7.43935928E-02
   7.50233606E-02
   7.56548271E-02
   7.62880072E-02
   7.69228935E-02
   7.75594786E-02
   7.81977549E-02
   7.88377151E-02
   7.94793591E-02
   8.01226720E-02
   8.07676688E-02
   8.14143121E-02
   8.20626318E-02
   8.27125907E-02
   8.33641961E-02
   8.40174481E-02
   8.46723318E-02
   8.53288546E-02
   8.59869793E-02
   8.66467506E-02
   8.73081237E-02
   8.79710913E-02
   8.86356831E-02
   8.93018395E-02
   8.99696052E-02
   9.06389505E-02
   9.13098827E-02
   9.19823796E-02
   9.26564559E-02
   9.33320895E-02
   9.40092728E-02
   9.46879983E-02
   9.53682959E-02
   9.60501209E-02
   9.67334732E-02
   9.74183679E-02
   9.81047824E-02
   9.87927094E-02
   9.94821489E-02
  0.100173086    
  0.100865550    
  0.101559505    
  0.102254927    
  0.102951869    
  0.103650272    
  0.104350135    
  0.105051480    
  0.105754286    
  0.106458552    
  0.107164271    
  0.107871436    
  0.108580045    
  0.109290093    
  0.110001557    
  0.110714458    
  0.111428782    
  0.112144507    
  0.112861641    
  0.113580190    
  0.114300139    
  0.115021467    
  0.115744181    
  0.116468288    
  0.117193766    
  0.117920615    
  0.118648827    
  0.119378395    
  0.120109327    
  0.120841585    
  0.121575214    
  0.122310169    
  0.123046458    
  0.123784073    
  0.124522999    
  0.125263259    
  0.126004830    
  0.126747683    
  0.127491847    
  0.128237322    
  0.128984049    
  0.129732072    
  0.130481377    
  0.131231964    
  0.131983817    
  0.132736921    
  0.133491293    
  0.134246886    
  0.135003701    
  0.135761812    
  0.136521131    
  0.137281701    
  0.138043448    
  0.138806447    
  0.139570639    
  0.140336037    
  0.141102642    
  0.141870409    
  0.142639384    
  0.143409550    
  0.144180879    
  0.144953400    
  0.145727068    
  0.146501899    
  0.147277847    
  0.148055002    
  0.148833260    
  0.149612680    
  0.150393203    
  0.151174873    
  0.151957631    
  0.152741507    
  0.153526500    
  0.154312596    
  0.155099794    
  0.155888066    
  0.156677425    
  0.157467857    
  0.158259347    
  0.159051940    
  0.159845546    
  0.160640255    
  0.161435977    
  0.162232727    
  0.163030535    
  0.163829386    
  0.164629236    
  0.165430084    
  0.166231975    
  0.167034850    
  0.167838722    
  0.168643594    
  0.169449463    
  0.170256272    
  0.171064079    
  0.171872884    
  0.172682583    
  0.173493281    
  0.174304917    
  0.175117508    
  0.175930992    
  0.176745415    
  0.177560791    
  0.178377047    
  0.179194242    
  0.180012316    
  0.180831313    
  0.181651175    
  0.182471886    
  0.183293536    
  0.184116006    
  0.184939384    
  0.185763583    
  0.186588630    
  0.187414527    
  0.188241288    
  0.189068839    
  0.189897195    
  0.190726399    
  0.191556409    
  0.192387238    
  0.193218812    
  0.194051206    
  0.194884360    
  0.195718303    
  0.196553007    
  0.197388455    
  0.198224664    
  0.199061617    
  0.199899331    
  0.200737730    
  0.201576859    
  0.202416748    
  0.203257293    
  0.204098582    
  0.204940528    
  0.205783188    
  0.206626490    
  0.207470477    
  0.208315149    
  0.209160432    
  0.210006401    
  0.210852996    
  0.211700246    
  0.212548077    
  0.213396564    
  0.214245647    
  0.215095297    
  0.215945601    
  0.216796428    
  0.217647865    
  0.218499854    
  0.219352484    
  0.220205560    
  0.221059188    
  0.221913427    
  0.222768143    
  0.223623410    
  0.224479169    
  0.225335434    
  0.226192176    
  0.227049440    
  0.227907181    
  0.228765368    
  0.229624063    
  0.230483159    
  0.231342748    
  0.232202724    
  0.233063132    
  0.233923987    
  0.234785229    
  0.235646904    
  0.236508921    
  0.237371370    
  0.238234192    
  0.239097357    
  0.239960879    
  0.240824744    
  0.241688982    
  0.242553502    
  0.243418381    
  0.244283542    
  0.245149031    
  0.246014819    
  0.246880844    
  0.247747183    
  0.248613760    
  0.249480620    
  0.250347704    
  0.251215070    
  0.252082556    
  0.252950311    
  0.253818363    
  0.254686505    
  0.255554885    
  0.256423384    
  0.257292092    
  0.258160979    
  0.259029984    
  0.259899080    
  0.260768354    
  0.261637777    
  0.262507230    
  0.263376802    
  0.264246494    
  0.265116245    
  0.265986055    
  0.266855896    
  0.267725825    
  0.268595755    
  0.269465715    
  0.270335704    
  0.271205693    
  0.272075623    
  0.272945553    
  0.273815483    
  0.274685383    
  0.275555164    
  0.276424915    
  0.277294576    
  0.278164148    
  0.279033631    
  0.279902965    
  0.280772239    
  0.281641364    
  0.282510310    
  0.283379138    
  0.284247786    
  0.285116255    
  0.285984546    
  0.286852568    
  0.287720442    
  0.288588017    
  0.289455414    
  0.290322572    
  0.291189432    
  0.292056024    
  0.292922288    
  0.293788344    
  0.294654042    
  0.295519382    
  0.296384364    
  0.297249079    
  0.298113376    
  0.298977286    
  0.299840868    
  0.300704002    
  0.301566750    
  0.302429050    
  0.303290904    
  0.304152250    
  0.305013210    
  0.305873692    
  0.306733638    
  0.307593107    
  0.308452040    
  0.309310496    
  0.310168326    
  0.311025620    
  0.311882347    
  0.312738448    
  0.313593984    
  0.314448893    
  0.315303206    
  0.316156834    
  0.317009866    
  0.317862153    
  0.318713754    
  0.319564700    
  0.320414901    
  0.321264386    
  0.322113067    
  0.322961092    
  0.323808253    
  0.324654669    
  0.325500309    
  0.326345056    
  0.327189028    
  0.328032136    
  0.328874409    
  0.329715729    
  0.330556244    
  0.331395805    
  0.332234442    
  0.333072126    
  0.333908856    
  0.334744662    
  0.335579425    
  0.336413205    
  0.337245941    
  0.338077724    
  0.338908374    
  0.339737952    
  0.340566516    
  0.341393948    
  0.342220247    
  0.343045413    
  0.343869478    
  0.344692320    
  0.345514089    
  0.346334487    
  0.347153753    
  0.347971767    
  0.348788619    
  0.349604100    
  0.350418329    
  0.351231337    
  0.352042884    
  0.352853268    
  0.353662193    
  0.354469687    
  0.355275840    
  0.356080621    
  0.356883973    
  0.357685924    
  0.358486354    
  0.359285325    
  0.360082805    
  0.360878766    
  0.361673176    
  0.362466007    
  0.363257349    
  0.364047080    
  0.364835203    
  0.365621686    
  0.366406530    
  0.367189735    
  0.367971241    
  0.368751019    
  0.369529068    
  0.370305419    
  0.371080041    
  0.371852815    
  0.372623831    
  0.373393029    
  0.374160379    
  0.374925911    
  0.375689507    
  0.376451224    
  0.377211034    
  0.377968937    
  0.378724843    
  0.379478753    
  0.380230725    
  0.380980641    
  0.381728560    
  0.382474363    
  0.383218110    
  0.383959711    
  0.384699255    
  0.385436684    
  0.386171877    
  0.386904925    
  0.387635738    
  0.388364345    
  0.389090687    
  0.389814734    
  0.390536517    
  0.391255975    
  0.391973138    
  0.392687887    
  0.393400282    
  0.394110262    
  0.394817859    
  0.395522922    
  0.396225572    
  0.396925688    
  0.397623330    
  0.398318470    
  0.399010986    
  0.399700910    
  0.400388211    
  0.401072979    
  0.401755065    
  0.402434349    
  0.403111041    
  0.403785050    
  0.404456168    
  0.405124694    
  0.405790299    
  0.406453073    
  0.407113016    
  0.407770187    
  0.408424377    
  0.409075618    
  0.409724027    
  0.410369366    
  0.411011755    
  0.411651134    
  0.412287474    
  0.412920684    
  0.413550884    
  0.414177954    
  0.414801866    
  0.415422618    
  0.416040152    
  0.416654557    
  0.417265594    
  0.417873383    
  0.418477893    
  0.419079155    
  0.419676960    
  0.420271397    
  0.420862526    
  0.421450138    
  0.422034383    
  0.422615051    
  0.423192292    
  0.423765898    
  0.424336016    
  0.424902529    
  0.425465375    
  0.426024646    
  0.426580250    
  0.427132189    
  0.427680284    
  0.428224623    
  0.428765237    
  0.429302067    
  0.429835021    
  0.430364102    
  0.430889249    
  0.431410611    
  0.431927919    
  0.432441264    
  0.432950556    
  0.433455795    
  0.433957011    
  0.434454113    
  0.434947103    
  0.435435891    
  0.435920596    
  0.436401010    
  0.436877191    
  0.437349051    
  0.437816590    
  0.438279837    
  0.438738734    
  0.439193189    
  0.439643234    
  0.440088928    
  0.440529972    
  0.440966606    
  0.441398591    
  0.441826046    
  0.442248821    
  0.442667097    
  0.443080515    
  0.443489313    
  0.443893462    
  0.444292694    
  0.444687247    
  0.445076823    
  0.445461631    
  0.445841432    
  0.446216404    
  0.446586430    
  0.446951330    
  0.447311342    
  0.447666138    
  0.448015988    
  0.448360652    
  0.448700070    
  0.449034333    
  0.449363381    
  0.449687183    
  0.450005651    
  0.450318873    
  0.450626612    
  0.450929016    
  0.451225966    
  0.451517433    
  0.451803386    
  0.452083766    
  0.452358693    
  0.452627897    
  0.452891588    
  0.453149438    
  0.453401595    
  0.453648090    
  0.453888744    
  0.454123557    
  0.454352587    
  0.454575658    
  0.454792798    
  0.455003947    
  0.455209136    
  0.455408365    
  0.455601424    
  0.455788344    
  0.455969065    
  0.456143737    
  0.456312150    
  0.456474215    
  0.456630081    
  0.456779540    
  0.456922650    
  0.457059354    
  0.457189590    
  0.457313329    
  0.457430601    
  0.457541227    
  0.457645237    
  0.457742691    
  0.457833409    
  0.457917422    
  0.457994699    
  0.458065063    
  0.458128691    
  0.458185345    
  0.458235204    
  0.458278090    
  0.458313912    
  0.458342701    
  0.458364397    
  0.458379000    
  0.458386421    
  0.458386719    
  0.458379656    
  0.458365440    
  0.458343804    
  0.458314896    
  0.458278447    
  0.458234638    
  0.458183229    
  0.458124369    
  0.458058000    
  0.457984000    
  0.457902282    
  0.457812816    
  0.457715720    
  0.457610756    
  0.457498074    
  0.457377374    
  0.457248867    
  0.457112283    
  0.456967801    
  0.456815273    
  0.456654727    
  0.456485957    
  0.456308961    
  0.456123769    
  0.455930293    
  0.455728590    
  0.455518454    
  0.455299914    
  0.455072969    
  0.454837680    
  0.454593718    
  0.454341084    
  0.454079956    
  0.453810036    
  0.453531533    
  0.453244209    
  0.452947974    
  0.452643007    
  0.452329218    
  0.452006400    
  0.451674581    
  0.451333642    
  0.450983763    
  0.450624645    
  0.450256318    
  0.449878782    
  0.449492037    
  0.449095964    
  0.448690534    
  0.448275536    
  0.447851151    
  0.447417259    
  0.446973830    
  0.446520716    
  0.446057975    
  0.445585519    
  0.445103347    
  0.444611371    
  0.444109440    
  0.443597674    
  0.443075895    
  0.442544132    
  0.442002267    
  0.441450238    
  0.440888077    
  0.440315872    
  0.439733297    
  0.439140320    
  0.438537121    
  0.437923431    
  0.437299281    
  0.436664522    
  0.436019361    
  0.435363442    
  0.434697002    
  0.434019685    
  0.433331579    
  0.432632744    
  0.431922972    
  0.431202233    
  0.430470526    
  0.429727763    
  0.428973913    
  0.428209007    
  0.427432835    
  0.426645279    
  0.425846547    
  0.425036430    
  0.424214780    
  0.423381776    
  0.422537178    
  0.421681046    
  0.420813262    
  0.419933826    
  0.419042557    
  0.418139517    
  0.417224586    
  0.416297793    
  0.415358990    
  0.414408147    
  0.413445115    
  0.412470222    
  0.411482900    
  0.410483420    
  0.409471571    
  0.408447355    
  0.407410741    
  0.406361639    
  0.405299902    
  0.404225528    
  0.403138757    
  0.402039140    
  0.400926709    
  0.399801433    
  0.398663223    
  0.397512197    
  0.396348000    
  0.395170927    
  0.393980473    
  0.392777056    
  0.391560286    
  0.390330255    
  0.389086723    
  0.387829900    
  0.386559546    
  0.385275602    
  0.383978128    
  0.382666767    
  0.381341934    
  0.380003154    
  0.378650606    
  0.377284050    
  0.375903577    
  0.374508977    
  0.373100400    
  0.371677667    
  0.370240390    
  0.368789196    
  0.367323548    
  0.365843445    
  0.364348769    
  0.362839580    
  0.361315787    
  0.359777391    
  0.358224213    
  0.356656134    
  0.355073422    
  0.353475571    
  0.351862729    
  0.350234926    
  0.348591954    
  0.346933693    
  0.345260412    
  0.343571603    
  0.341867357    
  0.340147883    
  0.338412732    
  0.336662084    
  0.334895700    
  0.333113581    
  0.331315726    
  0.329501927    
  0.327672213    
  0.325826764    
  0.323964894    
  0.322087049    
  0.320193052    
  0.318282664    
  0.316356033    
  0.314412981    
  0.312453508    
  0.310477376    
  0.308484882    
  0.306475490    
  0.304449320    
  0.302406460    
  0.300346702    
  0.298269838    
  0.296176136    
  0.294065148    
  0.291937172    
  0.289791942    
  0.287629277    
  0.285449237    
  0.283251852    
  0.281036884    
  0.278804302    
  0.276553899    
  0.274285972    
  0.272000134    
  0.269696534    
  0.267374724    
  0.265035063    
  0.262677312    
  0.260301262    
  0.257907093    
  0.255494416    
  0.253063440    
  0.250613868    
  0.248145908    
  0.245659441    
  0.243153870    
  0.240629792    
  0.238086879    
  0.235525042    
  0.232943892    
  0.230343968    
  0.227724850    
  0.225086451    
  0.222428828    
  0.219751537    
  0.217055082    
  0.214338928    
  0.211603343    
  0.208847731    
  0.206072599    
  0.203277588    
  0.200462699    
  0.197627842    
  0.194772512    
  0.191897362    
  0.189001948    
  0.186086178    
  0.183150053    
  0.180193156    
  0.177215993    
  0.174218178    
  0.171199560    
  0.168160051    
  0.165099829    
  0.162018657    
  0.158916265    
  0.155792952    
  0.152648240    
  0.149482220    
  0.146295041    
  0.143086404    
  0.139855832    
  0.136603981    
  0.133330375    
  0.130035162    
  0.126717955    
  0.123378575    
  0.120017439    
  0.116634041    
  0.113228589    
  0.109800816    
  0.106350422    
  0.102877825    
   9.93825793E-02
   9.58650112E-02
   9.23243165E-02
   8.87610316E-02
   8.51747394E-02
   8.15657973E-02
   7.79335499E-02
   7.42779970E-02
   7.05993772E-02
   6.68976307E-02
   6.31723404E-02
   5.94236851E-02
   5.56510091E-02
   5.18551469E-02
   4.80353832E-02
   4.41918373E-02
   4.03241515E-02
   3.64328623E-02
