  -2.00000000       1.74538513E-06
  -1.92999995       2.81848747E-06
  -1.86000001       4.50749212E-06
  -1.78999996       7.13922100E-06
  -1.72000003       1.11985437E-05
  -1.64999998       1.73967255E-05
  -1.58000004       2.67651503E-05
  -1.50999999       4.07818625E-05
  -1.44000006       6.15402605E-05
  -1.37000000       9.19703380E-05
  -1.29999995       1.36122922E-04
  -1.23000002       1.99530943E-04
  -1.16000009       2.89657182E-04
  -1.08999991       4.16442403E-04
  -1.01999998       5.92952885E-04
 -0.950000048       8.36143794E-04
 -0.879999995       1.16771599E-03
 -0.809999943       1.61506282E-03
 -0.740000010       2.21226271E-03
 -0.669999957       3.00109154E-03
 -0.600000024       4.03197575E-03
 -0.529999971       5.36477473E-03
 -0.460000038       7.06936652E-03
 -0.389999986       9.22582578E-03
 -0.320000052       1.19240917E-02
 -0.250000000       1.52630368E-02
 -0.179999948       1.93487126E-02
 -0.110000014       2.42917351E-02
  -3.99999619E-02   3.02037280E-02
   2.99999714E-02   3.71927209E-02
   9.99999046E-02   4.53576744E-02
  0.170000076       5.47821894E-02
  0.240000010       6.55274317E-02
  0.309999943       7.76251480E-02
  0.380000114       9.10704210E-02
  0.450000048      0.105815090    
  0.519999981      0.121762410    
  0.589999914      0.138763234    
  0.660000086      0.156614229    
  0.730000019      0.175058529    
  0.799999952      0.193789765    
  0.869999886      0.212458372    
  0.940000057      0.230681345    
   1.00999999      0.248054102    
   1.07999992      0.264165372    
   1.15000010      0.278612673    
   1.22000003      0.291018933    
   1.28999996      0.301048934    
   1.35999990      0.308424175    
   1.43000007      0.312935799    
   1.50000000      0.314454287    
   1.56999993      0.312935799    
   1.64000010      0.308424175    
   1.71000004      0.301048934    
   1.77999997      0.291018933    
   1.84999990      0.278612673    
   1.92000008      0.264165372    
   1.99000001      0.248054102    
   2.05999994      0.230681345    
   2.13000011      0.212458372    
   2.19999981      0.193789825    
   2.26999998      0.175058529    
   2.34000015      0.156614155    
   2.40999985      0.138763279    
   2.48000002      0.121762410    
   2.55000019      0.105815023    
   2.61999989       9.10704210E-02
   2.69000006       7.76251480E-02
   2.76000023       6.55273944E-02
   2.82999992       5.47821894E-02
   2.90000010       4.53576744E-02
   2.96999979       3.71927507E-02
   3.03999996       3.02037280E-02
   3.11000013       2.42917277E-02
   3.17999983       1.93487220E-02
   3.25000000       1.52630368E-02
   3.32000017       1.19240852E-02
   3.38999987       9.22583044E-03
   3.46000004       7.06936652E-03
   3.53000021       5.36476914E-03
   3.59999990       4.03197575E-03
   3.67000008       3.00109154E-03
   3.73999977       2.21226364E-03
   3.80999994       1.61506282E-03
   3.88000011       1.16771599E-03
   3.94999981       8.36144609E-04
   4.01999998       5.92952885E-04
   4.09000015       4.16441762E-04
   4.15999985       2.89657619E-04
   4.23000002       1.99530943E-04
   4.30000019       1.36122733E-04
   4.36999989       9.19703380E-05
   4.44000006       6.15402605E-05
   4.51000023       4.07817861E-05
   4.57999992       2.67651503E-05
   4.65000010       1.73967255E-05
   4.71999979       1.11985637E-05
   4.78999996       7.13922100E-06
   4.86000013       4.50749212E-06
   4.92999983       2.81848747E-06
   5.00000000       1.74538513E-06
