   0.00000000000000000000000000000000000         6.75000000000000000000000000000000000      
   1.00000000000000000000000000000000005E-0001   6.65000000000000000000000000000000031      
  0.200000000000000000000000000000000010         6.50254303238853823106047210662918003      
  0.300000000000000000000000000000000039         6.30686166520470864765362877850437533      
  0.400000000000000000000000000000000019         6.06103476743322845685352987758395079      
  0.500000000000000000000000000000000000         5.76228075618799839233268500446038414      
  0.599999999999999999999999999999999981         5.40738255728751000061773687826380934      
  0.699999999999999999999999999999999961         4.99320528662741832680503010449060773      
  0.799999999999999999999999999999999942         4.51725883392907772157634846284784015      
  0.899999999999999999999999999999999923         3.97825299077541287522876694129182081      
  0.999999999999999999999999999999999904         3.37659292943988858462388628257179091      
   1.09999999999999999999999999999999988         2.71476771618270343763068017798737381      
   1.19999999999999999999999999999999996         1.99759375185119347768857596374927385      
   1.30000000000000000000000000000000004         1.23228792293422685803160398034522944      
   1.40000000000000000000000000000000012        0.428361377158068321088249812311034789      
   1.50000000000000000000000000000000019       -0.402652878742581412828028609526862269      
   1.60000000000000000000000000000000027        -1.24754019198394854035310071826741292      
   1.70000000000000000000000000000000035        -2.09330222737320671377192812926818057      
   1.80000000000000000000000000000000042        -2.92501176153545880255320141557090749      
   1.90000000000000000000000000000000050        -3.72855739831456095478289876762080483      
   2.00000000000000000000000000000000039        -4.49084156028680020240960552295135873      
   2.10000000000000000000000000000000046        -5.20031445056504596345067347800064253      
   2.20000000000000000000000000000000054        -5.84740709014316223478748583318667164      
   2.30000000000000000000000000000000062        -6.42481225823797897672760359172701085      
   2.40000000000000000000000000000000069        -6.92759081516376969064195572183735737      
   2.50000000000000000000000000000000077        -7.35309871680634776609822137935782402      
   2.60000000000000000000000000000000085        -7.70074641514066351603676216714478751      
   2.70000000000000000000000000000000092        -7.97161721217204603100444677252830286      
   2.80000000000000000000000000000000100        -8.16798345614817193570167159862167886      
   2.90000000000000000000000000000000108        -8.29276821941548499852416426635116233      
   3.00000000000000000000000000000000116        -8.34900452443579506159907234205096593      
   3.10000000000000000000000000000000123        -8.33934390648689723127250191695689636      
   3.20000000000000000000000000000000131        -8.26566115183866816473788375382146388      
   3.30000000000000000000000000000000139        -8.12879287765454156433861826880225810      
   3.40000000000000000000000000000000146        -7.92843505009303004710155005906994259      
   3.50000000000000000000000000000000154        -7.66320969898597886644349441302381068      
   3.60000000000000000000000000000000162        -7.33089531257344085487464386767652092      
   3.70000000000000000000000000000000169        -6.92880009922194782088515552343454842      
   3.80000000000000000000000000000000177        -6.45424385697872440434520041462004097      
   3.90000000000000000000000000000000185        -5.90510380229571073255831596916539387      
   4.00000000000000000000000000000000154        -5.28037330749807172079871368743068300      
   4.10000000000000000000000000000000123        -4.58068065309966034936754089384911455      
   4.20000000000000000000000000000000092        -3.80871776767430442098094926946164344      
   4.30000000000000000000000000000000062        -2.96953620236659316361025163282885383      
   4.40000000000000000000000000000000031        -2.07067846136130803670090103417558254      
   4.50000000000000000000000000000000000        -1.12212569301338503920954630748017109      
   4.59999999999999999999999999999999969       -0.136053278187583057329239412805198667      
   4.69999999999999999999999999999999938        0.873635400225735185192939961368637863      
   4.79999999999999999999999999999999908         1.89414776263337845820864127090036890      
   4.89999999999999999999999999999999877         2.90621472824251325116805252317458504      
   4.99999999999999999999999999999999846         3.89406856265808173058468003007288933      
   5.09999999999999999999999999999999815         4.84250045349304360120066251741234512      
   5.19999999999999999999999999999999784         5.73759784096820006857696358436267493      
   5.29999999999999999999999999999999753         6.56727869062521668963829264906674637      
   5.39999999999999999999999999999999723         7.32166693701523408846048653693869487      
   5.49999999999999999999999999999999692         7.99329393459066705149658522066818632      
   5.59999999999999999999999999999999661         8.57711780072504236178512908875920124      
   5.69999999999999999999999999999999630         9.07036674802152429828637841359574393      
   5.79999999999999999999999999999999599         9.47222735723655615581904653115622631      
   5.89999999999999999999999999999999569         9.78341199462432080386029594025782509      
   5.99999999999999999999999999999999538         10.0056498212370673806241700927603681      
   6.09999999999999999999999999999999507         10.1411520960097960362418424002438079      
   6.19999999999999999999999999999999476         10.1921041601881165138130226267196217      
   6.29999999999999999999999999999999445         10.1602334522596402176698626047877444      
   6.39999999999999999999999999999999415         10.0464954125967983173829478161443672      
   6.49999999999999999999999999999999384         9.85090786851875395024761765057150313      
   6.59999999999999999999999999999999353         9.57255045535061207050856632369996680      
   6.69999999999999999999999999999999322         9.20973008701554908857030433113933759      
   6.79999999999999999999999999999999291         8.76029783519031911638923331076449339      
   6.89999999999999999999999999999999260         8.22208821307668007759086419699312979      
   6.99999999999999999999999999999999230         7.59344007543976480002064726292668199      
   7.09999999999999999999999999999999199         6.87375019368713839635011857731336736      
   7.19999999999999999999999999999999168         6.06400676308550574048394425935308866      
   7.29999999999999999999999999999999137         5.16725095756876604766296895875008827      
   7.39999999999999999999999999999999106         4.18891999761620892209420170055606193      
   7.49999999999999999999999999999999076         3.13703427759171725987637938578596131      
   7.59999999999999999999999999999999045         2.02220209903499187700212931159327932      
   7.69999999999999999999999999999999014        0.857423008415219797814155353684263890      
   7.79999999999999999999999999999998983       -0.342356235714046003728311700294897037      
   7.89999999999999999999999999999998952        -1.56156416912392652568926601454066103      
   7.99999999999999999999999999999998921        -2.77828297466499240293288604037440821      
   8.09999999999999999999999999999998891        -3.97596117363244719272643762819836803      
   8.19999999999999999999999999999998860        -5.13723852944928480321854565105381208      
   8.29999999999999999999999999999998829        -6.24568744829047540752727529951203122      
   8.39999999999999999999999999999998798        -7.28650429775062452676618297831716388      
   8.49999999999999999999999999999998767        -8.24699065229330632543282764554845270      
   8.59999999999999999999999999999998737        -9.11685512773282796597086520415591823      
   8.69999999999999999999999999999998706        -9.88833065493472308744339235682505800      
   8.79999999999999999999999999999998675        -10.5561091590896513095644311349973902      
   8.89999999999999999999999999999998644        -11.1171091365330797834395868248343605      
   8.99999999999999999999999999999998613        -11.5701052773352647586601961867207116      
   9.09999999999999999999999999999998583        -11.9152607458553620318649631846295712      
   9.19999999999999999999999999999998552        -12.1536106704077702456431396175328306      
   9.29999999999999999999999999999998521        -12.2865489971770165871183063265616301      
   9.39999999999999999999999999999998490        -12.3153697755308730586260615353183076      
   9.49999999999999999999999999999998459        -12.2409082480696929652653684037835797      
   9.59999999999999999999999999999998428        -12.0633173266024606021145387521033517      
   9.69999999999999999999999999999998398        -11.7820020228265401319926296665514154      
   9.79999999999999999999999999999998367        -11.3957193376239431309808920742441461      
   9.89999999999999999999999999999998336        -10.9028353474807192195189752423281296      
   9.99999999999999999999999999999998305        -10.3017161747130948923352119891462633      
   10.0999999999999999999999999999999827        -9.59121653846485296351394196432174096      
   10.1999999999999999999999999999999824        -8.77121981548308340959470313103131612      
   10.2999999999999999999999999999999821        -7.84317785449091594891942431515904594      
   10.3999999999999999999999999999999818        -6.81059765558180027059974662493814345      
   10.4999999999999999999999999999999815        -5.67942544068639871544360197751861336      
   10.5999999999999999999999999999999812        -4.45828598650569709935967291353690530      
   10.6999999999999999999999999999999809        -3.15854469277403030597896578247547120      
   10.7999999999999999999999999999999806        -1.79416679437167425784848276412512826      
   10.8999999999999999999999999999999803       -0.381329380415237921677863878145124151      
   10.9999999999999999999999999999999800         1.06253055307268817480625130163575535      
   11.0999999999999999999999999999999797         2.47518848936982389532903443256832409      
   11.1999999999999999999999999999999794         3.87533047589370060789988732436681903      
   11.2999999999999999999999999999999790         5.24389553666214264264540113502562847      
   11.3999999999999999999999999999999787         6.56214498268546225133577503450051766      
   11.4999999999999999999999999999999784         7.81268092586125939086145607286380533      
   11.5999999999999999999999999999999781         8.98005312514887334602322579958567197      
   11.6999999999999999999999999999999778         10.0511646205047110673548311283576419      
   11.7999999999999999999999999999999775         11.0154889095809368750272010563117230      
   11.8999999999999999999999999999999772         11.8650995085325027567415690814974439      
   11.9999999999999999999999999999999769         12.5945225370151466135867380697073361      
   12.0999999999999999999999999999999766         13.2004362510248828516937791680418998      
   12.1999999999999999999999999999999763         13.6812537728664863782531341130299961      
   12.2999999999999999999999999999999760         14.0366347004413788282872124313965990      
   12.3999999999999999999999999999999757         14.2669767160218107592657709119914889      
   12.4999999999999999999999999999999753         14.3729391810543970798277148632631124      
   12.5999999999999999999999999999999750         14.3550468880730041625823962424941443      
   12.6999999999999999999999999999999747         14.2134139741494205613956012182610238      
   12.7999999999999999999999999999999744         13.9476162115894307766746020675025184      
   12.8999999999999999999999999999999741         13.5567255379437488645750281828347362      
   12.9999999999999999999999999999999738         13.0395050570180037574757686661046516      
   13.0999999999999999999999999999999735         12.3947472378439605212015936837146785      
   13.1999999999999999999999999999999732         11.6217240490672239786503795012907896      
   13.2999999999999999999999999999999729         10.7207065414979009780106967940782248      
   13.3999999999999999999999999999999726         9.69350392345141240007428816861051451      
   13.4999999999999999999999999999999723         8.54396909264378273386882386933351810      
   13.5999999999999999999999999999999720         7.27841906892670940757959239243166423      
   13.6999999999999999999999999999999717         5.90592439943287578807728292050981255      
   13.7999999999999999999999999999999713         4.43843001241247989973093457386440918      
   13.8999999999999999999999999999999710         2.89067728533646888879086244135993090      
   13.9999999999999999999999999999999707         1.27988779675453922054359034671892432      
   14.0999999999999999999999999999999704       -0.374966055001899856098013034977032098      
   14.1999999999999999999999999999999701        -2.05746749474401062044427812314557220      
   14.2999999999999999999999999999999698        -3.73430191567540129724620812754505893      
   14.3999999999999999999999999999999695        -5.38529372320043210426414848167246215      
   14.4999999999999999999999999999999692        -6.98891155203304756924849849413676573      
   14.5999999999999999999999999999999689        -8.52453494648930239790053615965114714      
   14.6999999999999999999999999999999686        -9.97327258611433458044348110763993639      
   14.7999999999999999999999999999999683        -11.3184947234207296393051326295066671      
   14.8999999999999999999999999999999680        -12.5461631118089331118417591461111666      
   14.9999999999999999999999999999999676        -13.6449672472633341350702142664307444      
   15.0999999999999999999999999999999673        -14.6062748696833647586804565125491756      
   15.1999999999999999999999999999999670        -15.4239157666690680071152880019016332      
   15.2999999999999999999999999999999667        -16.0938304300554394421683604163886076      
   15.3999999999999999999999999999999664        -16.6136257210069686841493492961009054      
   15.4999999999999999999999999999999661        -16.9820868176909792285419580829972963      
   15.5999999999999999999999999999999658        -17.1986974984246201815889098951226007      
   15.6999999999999999999999999999999655        -17.2632189247494591783481523521992301      
   15.7999999999999999999999999999999652        -17.1753706726086226772210203423038911      
   15.8999999999999999999999999999999649        -16.9346473804952376333973979552342510      
   15.9999999999999999999999999999999646        -16.5402909692367271153848867560680490      
   16.0999999999999999999999999999999643        -15.9914231423653757231150975830486530      
   16.1999999999999999999999999999999655        -15.2873271670790094654132727132335929      
   16.2999999999999999999999999999999667        -14.4278531721420732781442318860245014      
   16.3999999999999999999999999999999680        -13.4139087003520168545619350992221943      
   16.4999999999999999999999999999999692        -12.2479871259409153561412463099022866      
   16.5999999999999999999999999999999704        -10.9346815718117699302404084063451272      
   16.6999999999999999999999999999999717        -9.48113148597798567080913920833615244      
   16.7999999999999999999999999999999729        -7.89735284315496295390961370348236194      
   16.8999999999999999999999999999999741        -6.19640992928125121525094430942502433      
   16.9999999999999999999999999999999753        -4.39439368878432305345627806450673265      
   17.0999999999999999999999999999999766        -2.51016751077920293990134719136638027      
   17.1999999999999999999999999999999778       -0.564763996266115802320043272919714661      
   17.2999999999999999999999999999999790         1.42059193795799911413918306004251820      
   17.3999999999999999999999999999999803         3.39929213782670477898325729673488956      
   17.4999999999999999999999999999999815         5.35956703583348787667369538008262372      
   17.5999999999999999999999999999999827         7.27731904976140253347776923189593196      
   17.6999999999999999999999999999999840         9.12860161131345402033518087322513533      
   17.7999999999999999999999999999999852         10.8908793785541184862960661991308118      
   17.8999999999999999999999999999999864         12.5437238392415280014008373197816652      
   17.9999999999999999999999999999999877         14.0692672608424507641094573064497239      
   18.0999999999999999999999999999999889         15.4524530237124435174136107405450518      
   18.1999999999999999999999999999999901         16.6810920884255386152789369090176478      
   18.2999999999999999999999999999999914         17.7457407895266908313311371938423368      
   18.3999999999999999999999999999999926         18.6394267576930502793343016472938364      
   18.4999999999999999999999999999999938         19.3572610944626140294339288868739837      
   18.5999999999999999999999999999999951         19.8959835012230212966625210470326736      
   18.6999999999999999999999999999999963         20.2534916663890833245034326951535645      
   18.7999999999999999999999999999999975         20.4284062625647386540826393415764918      
   18.8999999999999999999999999999999988         20.4197183308277956508562893029581529      
   19.0000000000000000000000000000000000         20.2265570179673630222848836463977043      
   19.1000000000000000000000000000000012         19.8481033666407481022217068640206451      
   19.2000000000000000000000000000000025         19.2836612366986581901369976333034111      
   19.3000000000000000000000000000000037         18.5328807706814165720524269807387770      
   19.4000000000000000000000000000000049         17.5961145131435308661201576033808009      
   19.5000000000000000000000000000000062         16.4748727213347868784542481071701945      
   19.6000000000000000000000000000000074         15.1723337685165709153511918393372991      
   19.7000000000000000000000000000000086         13.6938587599891220307545131035555486      
   19.8000000000000000000000000000000099         12.0474570752467938667999760338351292      
   19.9000000000000000000000000000000111         10.2441515043116673929604954332400527      
   20.0000000000000000000000000000000123         8.29819715278806504958591670389670104      
