   0.00000000000000000000000000000000000         0.00000000000000000000000000000000000         5.00000000000000000000000000000000000      
   1.00000000000000000000000000000000002E-0002   5.00000000000000000000000000000000024E-0002   4.76930720289149439440374732749824951      
   2.00000000000000000000000000000000004E-0002   9.76930720289149439440374732749824985E-0002   4.55056742757470064502125446680864846      
   2.99999999999999999999999999999999990E-0002  0.143198746304661950394250017943068972         4.34263994366245506018077931715855058      
   4.00000000000000000000000000000000007E-0002  0.186625145741286500996057811114654486         4.14451977707477240898472384515949356      
   5.00000000000000000000000000000000024E-0002  0.228070343512034225085905049566249432         3.95531768239281386878446380282802018      
   6.00000000000000000000000000000000041E-0002  0.267623520335962363773749687594529640         3.77424355887319367724861714078562339      
   7.00000000000000000000000000000000058E-0002  0.305365955924694300546235859002385861         3.60059263505215662192218264350872529      
   8.00000000000000000000000000000000014E-0002  0.341371882275215866765457685437473106         3.43373389435610122001699114819677167      
   8.99999999999999999999999999999999971E-0002  0.375709221218776878965627596919440842         3.27310032623756728755873810591019988      
   9.99999999999999999999999999999999928E-0002  0.408440224481152551841214977978542862         3.11818067328140259663375041723001981      
  0.109999999999999999999999999999999988        0.439622031213966577807552482150843066         2.96851241110804717383619667333055858      
  0.119999999999999999999999999999999984        0.469307155325047049545914448884148663         2.82367574956642409016922012893441094      
  0.129999999999999999999999999999999980        0.497543912820711290447606650173492772         2.68328848420237069953864820999549230      
  0.139999999999999999999999999999999987        0.524376797662734997442993132273447719         2.54700155893568345423094632327262948      
  0.149999999999999999999999999999999995        0.549846813252091831985302595506174010         2.41449522624092828173594550958383529      
  0.160000000000000000000000000000000003        0.573991765514501114802662050602012332         2.28547571138050309801596404824765510      
  0.170000000000000000000000000000000011        0.596846522628306145782821691084488913         2.15967230350252758221045775773552582      
  0.180000000000000000000000000000000018        0.618443245663331421604926268661844191         2.03683480954584264027667484591927811      
  0.190000000000000000000000000000000026        0.638811593758789848007693017121036941         1.91673131754685062371854247259541376      
  0.200000000000000000000000000000000034        0.657978906934258354244878441846991119         1.79914622462642357908133246747649584      
  0.210000000000000000000000000000000041        0.675970369180522590035691766521756081         1.68387849204519778034126327213413885      
  0.220000000000000000000000000000000049        0.692809154100974567839104399243097433         1.57074009556181207489920757725669281      
  0.230000000000000000000000000000000057        0.708516555056592688588096475015664392         1.45955464415459957480868461100730888      
  0.240000000000000000000000000000000065        0.723112101498138684336183321125737485         1.35015614416553161721639524208939483      
  0.250000000000000000000000000000000048        0.736613662939794000508347273546631460         1.24238788924891682367989195545296085      
  0.260000000000000000000000000000000056        0.749037541832283168745146193101161071         1.13610145927868106962240243824987134      
  0.270000000000000000000000000000000064        0.760398556425069979441370217483659817         1.03115581368497141468912150811503625      
  0.280000000000000000000000000000000071        0.770710114561919693588261432564810179        0.927416466632198848386435868801970517      
  0.290000000000000000000000000000000079        0.779984279228241682072125791252829838        0.824754733080164021102923507701803552      
  0.300000000000000000000000000000000087        0.788231826559043322283155026329847856        0.723047036139219324142405146282943396      
  0.310000000000000000000000000000000094        0.795462296920435515524579077792677331        0.622174267281454064921949929419305605      
  0.320000000000000000000000000000000102        0.801684039593250056173798577086870366        0.522021191936796783215891451867659026      
  0.330000000000000000000000000000000110        0.806904251512618024005957491605546938        0.422475893813546759133683635086226618      
  0.340000000000000000000000000000000117        0.811129010450753491597294327956409196        0.323429251959868095225275669477156052      
  0.350000000000000000000000000000000125        0.814363302970352172549547084651180742        0.224774445144676561975359403246911781      
  0.360000000000000000000000000000000133        0.816611047421798938169300678683649848        0.126406478598103789834156333024630237      
  0.370000000000000000000000000000000141        0.817875112207779976067642242013896180         2.82217285254043462639251877070003278E-0002
  0.380000000000000000000000000000000148        0.818157329493034019530281493890966151        -6.98824998966115863649196969003908229E-0002
  0.390000000000000000000000000000000156        0.817458504494067903666632296921962252       -0.167956603078277765684357885400312067      
  0.400000000000000000000000000000000164        0.815778938463285126009788718067959175       -0.265906992640330100419572071031589362      
  0.410000000000000000000000000000000171        0.813119868536881825005592997357643235       -0.363631989791612555334884740768730902      
  0.420000000000000000000000000000000179        0.809483548638965699452244149949955928       -0.461030693606900636022121839466287196      
  0.430000000000000000000000000000000187        0.804873241702896693092022931555293040       -0.558003397587950867855090150986201756      
  0.440000000000000000000000000000000195        0.799293207727017184413472030045430984       -0.654451996779035382610392329320875197      
  0.450000000000000000000000000000000202        0.792748687759226830587368106752222252       -0.750280381914235020623103752422773254      
  0.460000000000000000000000000000000210        0.785245883940084480381137069227994547       -0.845394817255662874812275233088006130      
  0.470000000000000000000000000000000218        0.776791935767527851633014316897114496       -0.939704299011945453771269139008151819      
  0.480000000000000000000000000000000225        0.767394892777408397095301625507032966        -1.03312089149972156336418681818291983      
  0.490000000000000000000000000000000233        0.757063683862411181461659757325203781        -1.12556003852174594353005277141342751      
  0.500000000000000000000000000000000193        0.745808083477193722026359229611069502        -1.21694084777679665473529879046694077      
  0.510000000000000000000000000000000200        0.733638674999425755479006241706400083        -1.30718634648184608847852302454913153      
  0.520000000000000000000000000000000208        0.720566811534607294594221011460908781        -1.39622370676841133754211115914856662      
  0.530000000000000000000000000000000216        0.706604574466923181218799899869423140        -1.48398443980509084732332665335421965      
  0.540000000000000000000000000000000223        0.691764730068872272745566633335880955        -1.57040455798956243335677686916114701      
  0.550000000000000000000000000000000231        0.676060684488976648411998864644269454        -1.65542470493860039270228959345459267      
  0.560000000000000000000000000000000239        0.659506437439590644484975968709723529        -1.73899025337727546196799246330033950      
  0.570000000000000000000000000000000247        0.642116534905817889865296044076720131        -1.82105137138236233911183460692351999      
  0.580000000000000000000000000000000254        0.623906021191994266474177698007484906        -1.90156305776477256023706718683214203      
  0.590000000000000000000000000000000262        0.604890390614346540871807026139163507        -1.98048514767707061952113730088597179      
  0.600000000000000000000000000000000270        0.585085539137575834676595653130303823        -2.05778228980123120409629313012974782      
  0.610000000000000000000000000000000277        0.564507716239563522635632721829006357        -2.13342389670609468613791368432633954      
  0.620000000000000000000000000000000285        0.543173477272502575774253584985742996        -2.20738407016174102415379154590930103      
  0.630000000000000000000000000000000293        0.521099636570885165532715669526650001        -2.27964150335838955082232632988191003      
  0.640000000000000000000000000000000300        0.498303221537301270024492406227830920        -2.35017936210044756317565381156632102      
  0.650000000000000000000000000000000308        0.474801427916296794392735868112167733        -2.41898514713274840102697801288853807      
  0.660000000000000000000000000000000316        0.450611576444969310382466087983282348        -2.48605053980729617827251702559470413      
  0.670000000000000000000000000000000324        0.425751071046896348599740917727335311        -2.55137123331700888614925414186190316      
  0.680000000000000000000000000000000331        0.400237358713726259738248376308716272        -2.61494675171054096610193720399582684      
  0.690000000000000000000000000000000339        0.374087891196620850077229004268757994        -2.67678025886215692344979701685094772      
  0.700000000000000000000000000000000347        0.347320088607999280842731034100248515        -2.73687835950596857606588681566247683      
  0.710000000000000000000000000000000354        0.319951305012939595082072165943623735        -2.79525089435795116840317740708745945      
  0.720000000000000000000000000000000362        0.291998796069360083398040391872749161        -2.85191073124539634471789527947164635      
  0.730000000000000000000000000000000370        0.263479688756906119950861439078032719        -2.90687355404520412031937511282277052      
  0.740000000000000000000000000000000377        0.234410953216454078747667687949805009        -2.96015765110293166177826670938772015      
  0.750000000000000000000000000000000385        0.204809376705424762129885020855927810        -3.01178370466692076951798912537266913      
  0.760000000000000000000000000000000393        0.174691539658755554434705129602201113        -3.06177458272903191171996458235338119      
  0.770000000000000000000000000000000401        0.144073793831465235317505483778667311        -3.11015513451819220725634342125369994      
  0.780000000000000000000000000000000408        0.112972242486283313244942049566130309        -3.15695199074752084856960009776335891      
  0.790000000000000000000000000000000416         8.14027225788081047592460485884967165E-0002  -3.20219336957234570138792425410382430      
  0.800000000000000000000000000000000424         4.93807888830846477453668060474584723E-0002  -3.24590888907679430084585724912146898      
  0.810000000000000000000000000000000431         1.69216999923167047369082335562437842E-0002  -3.28812938697236474940531739382289063      
  0.820000000000000000000000000000000439        -1.59595938774069427571449403819851236E-0002  -3.32888674806420707797650602571725222      
