   0.00000000000000000000000000000000000         0.00000000000000000000000000000000000         5.00000000000000000000000000000000000      
   1.00000000000000000000000000000000005E-0001  0.500000000000000000000000000000000000         2.69307202891494394403747327498249397      
  0.200000000000000000000000000000000010        0.769307202891494394403747327498249416         1.32741303112630064266803405103596934      
  0.300000000000000000000000000000000039        0.902048506004124458670550732601846369        0.252960243953093780907119832288354145      
  0.400000000000000000000000000000000019        0.927344530399433836761262715830681764       -0.731433584000678355667985157114746103      
  0.500000000000000000000000000000000000        0.854201171999366001194464200119207154        -1.68405902880781849831541887161474906      
  0.599999999999999999999999999999999981        0.685795269118584151362922312957732190        -2.51464289939226251382537738069979930      
  0.699999999999999999999999999999999961        0.434330979179357899980384574887752231        -3.16026650129248006745405109399088819      
  0.799999999999999999999999999999999942        0.118304329050109893234979465488663374        -3.61156977253618780314816951114741307      
  0.899999999999999999999999999999999923       -0.242852648203508887079837485626077933        -3.90078355936373876902053489480918458      
