   0.00000000000000000000000000000000000         0.00000000000000000000000000000000000         5.00000000000000000000000000000000000      
   1.00000000000000000000000000000000005E-0001  0.384653601445747197201873663749124708         3.23427129497280945099593193666908668      
  0.200000000000000000000000000000000010        0.631290961974557914269865261364875901         1.93064653501715214887425118623039515      
  0.300000000000000000000000000000000039        0.765421096345093523163545846181205991        0.854227983346232936575309387997408288      
  0.400000000000000000000000000000000019        0.799858818915801608399211212128358484       -0.133062031250656498760268229910370878      
  0.500000000000000000000000000000000000        0.737549566137583831367832515370907747        -1.09347071488124255141714692964967179      
  0.599999999999999999999999999999999981        0.582323258802034694965704864721581403        -1.94667672787571089312116123605941744      
  0.699999999999999999999999999999999961        0.348654925034084244351680650678271041        -2.63808938872142284564665023964641934      
  0.799999999999999999999999999999999942         5.42516163389648461578665766213050026E-0002  -3.15939919063124680298763992930058439      
  0.899999999999999999999999999999999923       -0.284268001409104375741201660043099211        -3.53261756898660520788427938057147861      
