   0.00000000000000000000000000000000000         0.00000000000000000000000000000000000         5.00000000000000000000000000000000000      
   1.00000000000000000000000000000000002E-0002   4.88465360144574719720187366374912432E-0002   4.77535427856675998164028914831547536      
   2.00000000000000000000000000000000004E-0002   9.55048493441977726721175910505104066E-0002   4.56179256562209664071844372134272997      
   2.99999999999999999999999999999999990E-0002  0.140080425063826706256511865690807942         4.35830876690011267004819694888034604      
   4.00000000000000000000000000000000007E-0002  0.182669296528605891642389795462642198         4.16400940459569059814087400218684256      
   5.00000000000000000000000000000000024E-0002  0.223359085947275734260849595211344573         3.97809802199712756998058861946202747      
   6.00000000000000000000000000000000041E-0002  0.262229902959177158896202507275767204         3.79986209397220854595192240780488677      
   7.00000000000000000000000000000000058E-0002  0.299355123685208227769040432731127580         3.62866198511550604878532790393504620      
   8.00000000000000000000000000000000014E-0002  0.334802068674282864025679150772286109         3.46392159054451384623510603199954954      
   8.99999999999999999999999999999999971E-0002  0.368632594930089917595686602320558556         3.30512036672832357268687948287158844      
   9.99999999999999999999999999999999928E-0002  0.400903614598844232236139620016412370         3.15178651636767376072044145146293979      
  0.109999999999999999999999999999999988        0.431667550791582472606625338532013205         3.00349113593904678131143418362001949      
  0.119999999999999999999999999999999984        0.460972739300183390728936309988751558         2.85984316984480152114329923384681036      
  0.129999999999999999999999999999999980        0.488863783564180420042099350710901492         2.72048504326464272772335041506430518      
  0.139999999999999999999999999999999987        0.515381869092984179450161947135642449         2.58508886836324443450128115702024279      
  0.149999999999999999999999999999999995        0.540565042596365789271284063807807695         2.45335313668138572719177880611049960      
  0.160000000000000000000000000000000003        0.564448460286423006963086003879233553         2.32499982525001194951195363794490890      
  0.170000000000000000000000000000000011        0.587064609156253586352655641357982738         2.19977185593388694671991371676286566      
  0.180000000000000000000000000000000018        0.608443504489920036497419766190952151         2.07743085729005933968013531404807351      
  0.190000000000000000000000000000000026        0.628612866395592687533781434361876088         1.95775518625077221740382014426380907      
  0.200000000000000000000000000000000034        0.647598277763398813425722235479635346         1.84053817355207773887537320162280300      
  0.210000000000000000000000000000000041        0.665423325718881687158518907009168589         1.72558656229783250643493694659076411      
  0.220000000000000000000000000000000049        0.682109728361859402523806251332264595         1.61271911358782920546018746123998345      
  0.230000000000000000000000000000000057        0.697677448340535227680648812438651992         1.50176535691905865571256614329069986      
  0.240000000000000000000000000000000065        0.712144794605127104421679252692976095         1.39256446622699677506453038622168866      
  0.250000000000000000000000000000000048        0.725528513508445006788646182208591868         1.28496424507911308381589759481886677      
  0.260000000000000000000000000000000056        0.737843870268120303562728854942581795         1.17882020675406663237643371644558559      
  0.270000000000000000000000000000000064        0.749104721672740889881135138977236528         1.07399473680902279375381725501180637      
  0.280000000000000000000000000000000071        0.759323580798771245505465827409546859        0.970356327312474180157715110250823804      
  0.290000000000000000000000000000000079        0.768511674404161651390659801010019727        0.867778873248371858318457846322554558      
  0.300000000000000000000000000000000087        0.776678993575725695886180311361166076        0.766141022718054714091889975543061122      
  0.310000000000000000000000000000000094        0.783834338128788578251974213229056553        0.665325573511134009906243318725580588      
  0.320000000000000000000000000000000102        0.789985355187664531364975337846980605        0.565218909411123747364383914458214646      
  0.330000000000000000000000000000000110        0.795138572312827532267942604286779192        0.465710470267465892717364554828774656      
  0.340000000000000000000000000000000117        0.799299425484004052073930492213630762        0.366692250420049725192736709875144084      
  0.350000000000000000000000000000000125        0.802472282196804477131822462329388232        0.268058320519493354662092330376274493      
  0.360000000000000000000000000000000133        0.804660459883011955002421372318688040        0.169704368157747643985099288421032727      
  0.370000000000000000000000000000000141        0.805866239820456200632702011542421871         7.15272530180896254690986237609320890E-0002
  0.380000000000000000000000000000000148        0.806090876656787814440006365473500753        -2.65754275216094793194795809704745582E-0002
  0.390000000000000000000000000000000156        0.805334641089411666529468288494473075       -0.124645100202389790017961023060232981      
  0.400000000000000000000000000000000164        0.803598102069367131251770678358950066       -0.222585167377519284793418013053844688      
  0.410000000000000000000000000000000171        0.800883064214233938704903318811502579       -0.320294212147677832984097136245340741      
  0.420000000000000000000000000000000179        0.797192342567803164707924685974462916       -0.417671775162733320189364711534614412      
  0.430000000000000000000000000000000187        0.792529750950096199958985298330102291       -0.514618765129164609646985804528599739      
  0.440000000000000000000000000000000195        0.786900086253284728311182585498724926       -0.611037857362676712600081191024777643      
  0.450000000000000000000000000000000202        0.780309108820317224604714289694758569       -0.706833877026033358991963515110774073      
  0.460000000000000000000000000000000210        0.772763519075643443168780448772249949       -0.801914163918565323693143383067738529      
  0.470000000000000000000000000000000218        0.764270930607523173807807240733290806       -0.896188915953033707363617394577223508      
  0.480000000000000000000000000000000225        0.754839839928608923006136274688920747       -0.989571508761591838108369847902838842      
  0.490000000000000000000000000000000233        0.744479593165467163923803354687049420        -1.08197878920887433069347541111020989      
  0.500000000000000000000000000000000193        0.733200349948181547586827617358950944        -1.17333134094964493955885867060945819      
  0.510000000000000000000000000000000200        0.721013044787969032508856757641869599        -1.26355372054358329697367585775425505      
  0.520000000000000000000000000000000208        0.707929346243715882714447361843311287        -1.35257466302324914780496951632837742      
  0.530000000000000000000000000000000216        0.693961614187458675897147394573725289        -1.44032725619573422737471510336848400      
  0.540000000000000000000000000000000223        0.679122855484121434055717837953905725        -1.52674908333702378081556412627086785      
  0.550000000000000000000000000000000231        0.663426678402367003066810985457719166        -1.61178233430415920083890857945542370      
  0.560000000000000000000000000000000239        0.646887246071384148679714010941544372        -1.69537388543806819971070802407636416      
  0.570000000000000000000000000000000247        0.629519229293021869583327285187664474        -1.77747534895429974492327306377457600      
  0.580000000000000000000000000000000254        0.611337759010156690425163140110338216        -1.85804309281558235883221353589566928      
  0.590000000000000000000000000000000262        0.592358378720833324035258577679725523        -1.93703823234570605415030240565900975      
  0.600000000000000000000000000000000270        0.572596997113879887160345552129713295        -2.01442659507619561804144180997893691      
  0.610000000000000000000000000000000277        0.552069841185712302510968475299346519        -2.09017866051396978945535576092478195      
  0.620000000000000000000000000000000285        0.530793410080267007568560443396823310        -2.16426947667889589916602371981060100      
  0.630000000000000000000000000000000293        0.508784429874798572695650401806335192        -2.23667855538488191099582017232418596      
  0.640000000000000000000000000000000300        0.486059809514007148775147786934505136        -2.30738974832765435188449207242232528      
  0.650000000000000000000000000000000308        0.462636598073966666185440241066277924        -2.37639110609804964072137174410792857      
  0.660000000000000000000000000000000316        0.438531943515938288505067095412294907        -2.44367472226344208434438343563387181      
  0.670000000000000000000000000000000324        0.413763053068682761162509528595165749        -2.50923656465423393932271758671067105      
  0.680000000000000000000000000000000331        0.388347155356612094810577564997566850        -2.57307629595987457402240014155402525      
  0.690000000000000000000000000000000339        0.362301464370298794946148207525989889        -2.63519708568263379115977742937282783      
  0.700000000000000000000000000000000347        0.335643145355712153736457672529655487        -2.69560541542045468375113340379629080      
  0.710000000000000000000000000000000354        0.308389282679266734303086476677050047        -2.75431087935584150302373568508465469      
  0.720000000000000000000000000000000362        0.280556849707506894069096080402864170        -2.81132598171906870341621907150093216      
  0.730000000000000000000000000000000370        0.252162680723140352725288231514443822        -2.86666593287411459936574240341780585      
  0.740000000000000000000000000000000377        0.223223444883270461666737995639683351        -2.92034844554757098451640582141927374      
  0.750000000000000000000000000000000385        0.193755622211129411665974629385629646        -2.97239353258711469838691419613590458      
  0.760000000000000000000000000000000393        0.163775481599425029703581600209884741        -3.02282330749948138847351066192002603      
  0.770000000000000000000000000000000401        0.133299060791599820676708465170551147        -3.07166178888054051657156619890690740      
  0.780000000000000000000000000000000408        0.102342148296858692498069046347396862        -3.11893470971405559269923939046625972      
  0.790000000000000000000000000000000416         7.09202671857286702782212357923442926E-0002  -3.16466933238277619444128153386303244      
  0.800000000000000000000000000000000424         3.90486607051309982485767570681575415E-0002  -3.20889427010713061354820083854457981      
  0.810000000000000000000000000000000431         6.74227964542099840486810475068762749E-0003  -3.25163931540418951996923920767792292      
  0.820000000000000000000000000000000439        -2.59842286134793581637056750448298290E-0002  -3.29293527604372090780359754936548386      
