   0.00000000    
   3.16227779E-05
   8.94427285E-05
   1.64316763E-04
   2.52982223E-04
   3.53553420E-04
   4.64758021E-04
   5.85662026E-04
   7.15541828E-04
   8.53815058E-04
   1.00000016E-03
   1.15368993E-03
   1.31453411E-03
   1.48222805E-03
   1.65650225E-03
   1.83711725E-03
   2.02385755E-03
   2.21652887E-03
   2.41495343E-03
   2.61896919E-03
   2.82842689E-03
   3.04318895E-03
   3.26312706E-03
   3.48812225E-03
   3.71806277E-03
   3.95284547E-03
   4.19237232E-03
   4.43655066E-03
   4.68529342E-03
   4.93851863E-03
   5.19614853E-03
   5.45810908E-03
   5.72432857E-03
   5.99474087E-03
   6.26928220E-03
   6.54789060E-03
   6.83050929E-03
   7.11707911E-03
   7.40754884E-03
   7.70186540E-03
   7.99998082E-03
   8.30184389E-03
   8.60741269E-03
   8.91663972E-03
   9.22948495E-03
   9.54590272E-03
   9.86585859E-03
   1.01893088E-02
   1.05162170E-02
   1.08465506E-02
   1.11802705E-02
   1.15173450E-02
   1.18577378E-02
   1.22014219E-02
   1.25483591E-02
   1.28985271E-02
   1.32518886E-02
   1.36084212E-02
   1.39680924E-02
   1.43308789E-02
   1.46967489E-02
   1.50656812E-02
   1.54376486E-02
   1.58126261E-02
   1.61905903E-02
   1.65715199E-02
   1.69553850E-02
   1.73421707E-02
   1.77318547E-02
   1.81244090E-02
   1.85198151E-02
   1.89180560E-02
   1.93191115E-02
   1.97229572E-02
   2.01295745E-02
   2.05389485E-02
   2.09510569E-02
   2.13658847E-02
   2.17834096E-02
   2.22036205E-02
   2.26264931E-02
   2.30520125E-02
   2.34801676E-02
   2.39109378E-02
   2.43443064E-02
   2.47802548E-02
   2.52187774E-02
   2.56598499E-02
   2.61034612E-02
   2.65495908E-02
   2.69982331E-02
   2.74493732E-02
   2.79029924E-02
   2.83590760E-02
   2.88176127E-02
   2.92785931E-02
   2.97419932E-02
   3.02078128E-02
   3.06760352E-02
   3.11466437E-02
   3.16196270E-02
   3.20949741E-02
   3.25726755E-02
   3.30527201E-02
   3.35350819E-02
   3.40197720E-02
   3.45067643E-02
   3.49960476E-02
   3.54876146E-02
   3.59814540E-02
   3.64775546E-02
   3.69759090E-02
   3.74764949E-02
   3.79793160E-02
   3.84843647E-02
   3.89916077E-02
   3.95010561E-02
   4.00126949E-02
   4.05265167E-02
   4.10424992E-02
   4.15606424E-02
   4.20809425E-02
   4.26033810E-02
   4.31279466E-02
   4.36546393E-02
   4.41834405E-02
   4.47143503E-02
   4.52473536E-02
   4.57824543E-02
   4.63196188E-02
   4.68588620E-02
   4.74001653E-02
   4.79435101E-02
   4.84889038E-02
   4.90363389E-02
   4.95857969E-02
   5.01372777E-02
   5.06907664E-02
   5.12462594E-02
   5.18037453E-02
   5.23632132E-02
   5.29246703E-02
   5.34880944E-02
   5.40534891E-02
   5.46208322E-02
   5.51901273E-02
   5.57613671E-02
   5.63345291E-02
   5.69096245E-02
   5.74866459E-02
   5.80655709E-02
   5.86464033E-02
   5.92291318E-02
   5.98137528E-02
   6.04002587E-02
   6.09886311E-02
   6.15788810E-02
   6.21709898E-02
   6.27649575E-02
   6.33607805E-02
   6.39584363E-02
   6.45579249E-02
   6.51592389E-02
   6.57623857E-02
   6.63673356E-02
   6.69741109E-02
   6.75826818E-02
   6.81930408E-02
   6.88052028E-02
   6.94191381E-02
   7.00348392E-02
   7.06523210E-02
   7.12715685E-02
   7.18925744E-02
   7.25153238E-02
   7.31398240E-02
   7.37660676E-02
   7.43940324E-02
   7.50237256E-02
   7.56551400E-02
   7.62882680E-02
   7.69231170E-02
   7.75596574E-02
   7.81978890E-02
   7.88378194E-02
   7.94794112E-02
   8.01227018E-02
   8.07676688E-02
   8.14142898E-02
   8.20625722E-02
   8.27125162E-02
   8.33641142E-02
   8.40173289E-02
   8.46721977E-02
   8.53286982E-02
   8.59868303E-02
   8.66465718E-02
   8.73079300E-02
   8.79708976E-02
   8.86354670E-02
   8.93016234E-02
   8.99693742E-02
   9.06387269E-02
   9.13096443E-02
   9.19821411E-02
   9.26562101E-02
   9.33318287E-02
   9.40090194E-02
   9.46877450E-02
   9.53680277E-02
   9.60498527E-02
   9.67332050E-02
   9.74180996E-02
   9.81045067E-02
   9.87924337E-02
   9.94818658E-02
  0.100172818    
  0.100865267    
  0.101559222    
  0.102254659    
  0.102951579    
  0.103649981    
  0.104349859    
  0.105051197    
  0.105754003    
  0.106458277    
  0.107163996    
  0.107871160    
  0.108579770    
  0.109289810    
  0.110001273    
  0.110714167    
  0.111428499    
  0.112144224    
  0.112861365    
  0.113579914    
  0.114299856    
  0.115021192    
  0.115743898    
  0.116468005    
  0.117193483    
  0.117920332    
  0.118648544    
  0.119378120    
  0.120109044    
  0.120841309    
  0.121574931    
  0.122309893    
  0.123046182    
  0.123783797    
  0.124522723    
  0.125262991    
  0.126004547    
  0.126747414    
  0.127491564    
  0.128237039    
  0.128983781    
  0.129731789    
  0.130481109    
  0.131231681    
  0.131983548    
  0.132736638    
  0.133491009    
  0.134246603    
  0.135003448    
  0.135761529    
  0.136520848    
  0.137281418    
  0.138043180    
  0.138806164    
  0.139570355    
  0.140335768    
  0.141102359    
  0.141870141    
  0.142639130    
  0.143409282    
  0.144180611    
  0.144953117    
  0.145726800    
  0.146501616    
  0.147277579    
  0.148054734    
  0.148832992    
  0.149612412    
  0.150392920    
  0.151174590    
  0.151957363    
  0.152741238    
  0.153526261    
  0.154312342    
  0.155099541    
  0.155887812    
  0.156677186    
  0.157467619    
  0.158259109    
  0.159051701    
  0.159845307    
  0.160640016    
  0.161435738    
  0.162232533    
  0.163030326    
  0.163829178    
  0.164629027    
  0.165429890    
  0.166231781    
  0.167034671    
  0.167838588    
  0.168643460    
  0.169449329    
  0.170256183    
  0.171063989    
  0.171872795    
  0.172682524    
  0.173493251    
  0.174304903    
  0.175117508    
  0.175931022    
  0.176745489    
  0.177560881    
  0.178377166    
  0.179194406    
  0.180012509    
  0.180831537    
  0.181651443    
  0.182472214    
  0.183293894    
  0.184116438    
  0.184939861    
  0.185764119    
  0.186589241    
  0.187415197    
  0.188242033    
  0.189069659    
  0.189898089    
  0.190727398    
  0.191557482    
  0.192388386    
  0.193220079    
  0.194052577    
  0.194885850    
  0.195719898    
  0.196554735    
  0.197390303    
  0.198226675    
  0.199063763    
  0.199901626    
  0.200740203    
  0.201579511    
  0.202419549    
  0.203260303    
  0.204101771    
  0.204943925    
  0.205786809    
  0.206630349    
  0.207474560    
  0.208319485    
  0.209165052    
  0.210011303    
  0.210858166    
  0.211705714    
  0.212553859    
  0.213402674    
  0.214252084    
  0.215102136    
  0.215952799    
  0.216804028    
  0.217655882    
  0.218508318    
  0.219361335    
  0.220214918    
  0.221069038    
  0.221923754    
  0.222779021    
  0.223634809    
  0.224491134    
  0.225348011    
  0.226205349    
  0.227063239    
  0.227921650    
  0.228780523    
  0.229639918    
  0.230499774    
  0.231360108    
  0.232220873    
  0.233082131    
  0.233943850    
  0.234805971    
  0.235668555    
  0.236531556    
  0.237394989    
  0.238258794    
  0.239123061    
  0.239987656    
  0.240852654    
  0.241718069    
  0.242583811    
  0.243449956    
  0.244316429    
  0.245183244    
  0.246050373    
  0.246917859    
  0.247785687    
  0.248653769    
  0.249522224    
  0.250390947    
  0.251259953    
  0.252129227    
  0.252998739    
  0.253868580    
  0.254738659    
  0.255608976    
  0.256479532    
  0.257350326    
  0.258221328    
  0.259092540    
  0.259963930    
  0.260835558    
  0.261707366    
  0.262579322    
  0.263451457    
  0.264323771    
  0.265196204    
  0.266068816    
  0.266941518    
  0.267814398    
  0.268687338    
  0.269560397    
  0.270433575    
  0.271306843    
  0.272180200    
  0.273053586    
  0.273927063    
  0.274800599    
  0.275674164    
  0.276547760    
  0.277421415    
  0.278295040    
  0.279168695    
  0.280042350    
  0.280916005    
  0.281789601    
  0.282663196    
  0.283536792    
  0.284410268    
  0.285283744    
  0.286157101    
  0.287030429    
  0.287903637    
  0.288776755    
  0.289649814    
  0.290522695    
  0.291395515    
  0.292268187    
  0.293140680    
  0.294013083    
  0.294885278    
  0.295757353    
  0.296629190    
  0.297500879    
  0.298372328    
  0.299243569    
  0.300114661    
  0.300985426    
  0.301856041    
  0.302726358    
  0.303596467    
  0.304466248    
  0.305335790    
  0.306205034    
  0.307073981    
  0.307942659    
  0.308810979    
  0.309679002    
  0.310546666    
  0.311414003    
  0.312280953    
  0.313147545    
  0.314013779    
  0.314879626    
  0.315745085    
  0.316610098    
  0.317474753    
  0.318338931    
  0.319202662    
  0.320066035    
  0.320928872    
  0.321791291    
  0.322653174    
  0.323514640    
  0.324375570    
  0.325235993    
  0.326095909    
  0.326955289    
  0.327814132    
  0.328672439    
  0.329530180    
  0.330387354    
  0.331243902    
  0.332099944    
  0.332955331    
  0.333810091    
  0.334664315    
  0.335517853    
  0.336370707    
  0.337222964    
  0.338074535    
  0.338925481    
  0.339775681    
  0.340625197    
  0.341474026    
  0.342322171    
  0.343169540    
  0.344016194    
  0.344862044    
  0.345707208    
  0.346551597    
  0.347395152    
  0.348237962    
  0.349079967    
  0.349921197    
  0.350761563    
  0.351601094    
  0.352439761    
  0.353277564    
  0.354114622    
  0.354950696    
  0.355785847    
  0.356620193    
  0.357453585    
  0.358286083    
  0.359117657    
  0.359948218    
  0.360777915    
  0.361606658    
  0.362434328    
  0.363261074    
  0.364086837    
  0.364911556    
  0.365735322    
  0.366558015    
  0.367379636    
  0.368200272    
  0.369019836    
  0.369838297    
  0.370655686    
  0.371472001    
  0.372287154    
  0.373101294    
  0.373914212    
  0.374726057    
  0.375536680    
  0.376346201    
  0.377154559    
  0.377961755    
  0.378767699    
  0.379572451    
  0.380376011    
  0.381178349    
  0.381979436    
  0.382779270    
  0.383577824    
  0.384375185    
  0.385171205    
  0.385965943    
  0.386759371    
  0.387551516    
  0.388342321    
  0.389131784    
  0.389919877    
  0.390706629    
  0.391492069    
  0.392276049    
  0.393058687    
  0.393839896    
  0.394619703    
  0.395398110    
  0.396175027    
  0.396950513    
  0.397724539    
  0.398497164    
  0.399268240    
  0.400037855    
  0.400805950    
  0.401572526    
  0.402337611    
  0.403101176    
  0.403863132    
  0.404623568    
  0.405382395    
  0.406139731    
  0.406895429    
  0.407649487    
  0.408401966    
  0.409152865    
  0.409902096    
  0.410649687    
  0.411395580    
  0.412139833    
  0.412882447    
  0.413623363    
  0.414362550    
  0.415100008    
  0.415835798    
  0.416569859    
  0.417302132    
  0.418032646    
  0.418761402    
  0.419488430    
  0.420213610    
  0.420937061    
  0.421658665    
  0.422378421    
  0.423096448    
  0.423812538    
  0.424526781    
  0.425239176    
  0.425949752    
  0.426658422    
  0.427365124    
  0.428069979    
  0.428772926    
  0.429473966    
  0.430173010    
  0.430870116    
  0.431565285    
  0.432258457    
  0.432949722    
  0.433638960    
  0.434326142    
  0.435011387    
  0.435694635    
  0.436375767    
  0.437054843    
  0.437731922    
  0.438406914    
  0.439079881    
  0.439750731    
  0.440419465    
  0.441086084    
  0.441750675    
  0.442413062    
  0.443073332    
  0.443731457    
  0.444387347    
  0.445041239    
  0.445692837    
  0.446342260    
  0.446989506    
  0.447634488    
  0.448277354    
  0.448917925    
  0.449556261    
  0.450192362    
  0.450826228    
  0.451457798    
  0.452087075    
  0.452714086    
  0.453338802    
  0.453961223    
  0.454581290    
  0.455199063    
  0.455814451    
  0.456427544    
  0.457038224    
  0.457646579    
  0.458252549    
  0.458856165    
  0.459457368    
  0.460056156    
  0.460652530    
  0.461246431    
  0.461837977    
  0.462427080    
  0.463013649    
  0.463597834    
  0.464179546    
  0.464758754    
  0.465335488    
  0.465909660    
  0.466481417    
  0.467050582    
  0.467617273    
  0.468181401    
  0.468742967    
  0.469301999    
  0.469858497    
  0.470412403    
  0.470963746    
  0.471512467    
  0.472058564    
  0.472602099    
  0.473143011    
  0.473681271    
  0.474216938    
  0.474749923    
  0.475280315    
  0.475807995    
  0.476333052    
  0.476855367    
  0.477375060    
  0.477892041    
  0.478406340    
  0.478917867    
  0.479426712    
  0.479932904    
  0.480436236    
  0.480936915    
  0.481434762    
  0.481929898    
  0.482422262    
  0.482911885    
  0.483398706    
  0.483882695    
  0.484363914    
  0.484842360    
  0.485317916    
  0.485790700    
  0.486260682    
  0.486727774    
  0.487192035    
  0.487653434    
  0.488112003    
  0.488567680    
  0.489020497    
  0.489470452    
  0.489917517    
  0.490361631    
  0.490802884    
  0.491241246    
  0.491676629    
  0.492109150    
  0.492538720    
  0.492965311    
  0.493389010    
  0.493809760    
  0.494227469    
  0.494642317    
  0.495054156    
  0.495462954    
  0.495868802    
  0.496271670    
  0.496671587    
  0.497068435    
  0.497462273    
  0.497853160    
  0.498240948    
  0.498625785    
  0.499007523    
  0.499386221    
  0.499761909    
  0.500134528    
  0.500504017    
  0.500870526    
  0.501233935    
  0.501594245    
  0.501951516    
  0.502305686    
  0.502656758    
  0.503004730    
  0.503349602    
  0.503691375    
  0.504029989    
  0.504365504    
  0.504697919    
  0.505027235    
  0.505353332    
  0.505676270    
  0.505996168    
  0.506312847    
  0.506626368    
  0.506936789    
  0.507243991    
  0.507547975    
  0.507848918    
  0.508146584    
  0.508441150    
  0.508732438    
  0.509020567    
  0.509305477    
  0.509587228    
  0.509865761    
  0.510141075    
  0.510413170    
  0.510682046    
  0.510947764    
  0.511210203    
  0.511469424    
  0.511725426    
  0.511978149    
  0.512227595    
  0.512473881    
  0.512716949    
  0.512956738    
  0.513193250    
  0.513426483    
  0.513656557    
  0.513883293    
  0.514106810    
  0.514327049    
  0.514543891    
  0.514757574    
  0.514967978    
  0.515175104    
  0.515378952    
  0.515579522    
  0.515776813    
  0.515970767    
  0.516161442    
  0.516348839    
  0.516532898    
  0.516713738    
  0.516891241    
  0.517065406    
  0.517236352    
  0.517403841    
  0.517568231    
  0.517729163    
  0.517886817    
  0.518041134    
  0.518192172    
  0.518339932    
  0.518484294    
  0.518625319    
  0.518763125    
  0.518897533    
  0.519028664    
  0.519156456    
  0.519280910    
  0.519402087    
  0.519519866    
  0.519634366    
  0.519745529    
  0.519853413    
  0.519957900    
  0.520058990    
  0.520156920    
  0.520251453    
  0.520342588    
  0.520430446    
  0.520515025    
  0.520596147    
  0.520674050    
  0.520748615    
  0.520819783    
  0.520887613    
  0.520952225    
  0.521013439    
  0.521071315    
  0.521125913    
  0.521177113    
  0.521224976    
  0.521269560    
  0.521310866    
  0.521348774    
  0.521383345    
  0.521414638    
  0.521442592    
  0.521467209    
  0.521488547    
  0.521506548    
  0.521521211    
  0.521532595    
  0.521540642    
  0.521545291    
  0.521546781    
  0.521544874    
  0.521539629    
  0.521531224    
  0.521519363    
  0.521504223    
  0.521485865    
  0.521464169    
  0.521439195    
  0.521410882    
  0.521379292    
  0.521344423    
  0.521306276    
  0.521264791    
  0.521220088    
  0.521172047    
  0.521120787    
  0.521066248    
  0.521008432    
  0.520947337    
  0.520882964    
  0.520815432    
  0.520744503    
  0.520670354    
  0.520592988    
  0.520512342    
  0.520428538    
  0.520341337    
  0.520251095    
  0.520157456    
  0.520060658    
  0.519960582    
  0.519857347    
  0.519750834    
  0.519641101    
  0.519528270    
  0.519412160    
  0.519292831    
  0.519170284    
  0.519044578    
  0.518915653    
  0.518783689    
  0.518648326    
  0.518509924    
  0.518368304    
  0.518223464    
  0.518075645    
  0.517924488    
  0.517770231    
  0.517612875    
  0.517452300    
  0.517288685    
  0.517121851    
  0.516951919    
  0.516778827    
  0.516602635    
  0.516423404    
  0.516241014    
  0.516055524    
  0.515866995    
  0.515675306    
  0.515480518    
  0.515282691    
  0.515081763    
  0.514877856    
  0.514670849    
  0.514460683    
  0.514247596    
  0.514031410    
  0.513812244    
  0.513590038    
  0.513364792    
  0.513136446    
  0.512905240    
  0.512670994    
  0.512433648    
  0.512193441    
  0.511950195    
  0.511703968    
  0.511454761    
  0.511202633    
  0.510947526    
  0.510689497    
  0.510428488    
  0.510164559    
  0.509897768    
  0.509627879    
  0.509355247    
  0.509079635    
  0.508801162    
  0.508519769    
  0.508235514    
  0.507948399    
  0.507658422    
  0.507365525    
  0.507069826    
  0.506771266    
  0.506469905    
  0.506165624    
  0.505858541    
  0.505548656    
  0.505236030    
  0.504920602    
  0.504602313    
  0.504281342    
  0.503957510    
  0.503630996    
  0.503301620    
  0.502969623    
  0.502634823    
  0.502297223    
  0.501956940    
  0.501613975    
  0.501268387    
  0.500919998    
  0.500568926    
  0.500215232    
  0.499858797    
  0.499499768    
  0.499138057    
  0.498773664    
  0.498406678    
  0.498037100    
  0.497664928    
  0.497290105    
  0.496912658    
  0.496532619    
  0.496150047    
  0.495764881    
  0.495377213    
  0.494986892    
  0.494594097    
  0.494198769    
  0.493800908    
  0.493400544    
  0.492997646    
  0.492592335    
