           0
   1.00000000000000000000000000000000000      
  0.997501561991254882238688316012356886      
  0.990024971937086222881404864371856493      
  0.977626244740090188003220577403715532      
  0.960398225396163333987682477297156297      
  0.938469807009419550959141930041656914      
  0.912004856183220438279555352649965434      
  0.881200891645720089369842226242832956      
  0.846287346851775417201741270564033936      
  0.807523781209381152136346329621218207      
  0.765197682924668796424028453706730408      
  0.719622002009102659305299859881097507      
  0.671132713054042379712499620035201581      
  0.620085942027803578024426693717927904      
  0.566855119677109451050357993642621416      
  0.511827653924908580831768212851614074      
  0.455402131182165684132728994583216018      
  0.397984803004210777473417387457972890      
  0.339986333474433254121893787383947431      
  0.281818529014943048229914810256903248      
  0.223890725432901357989890752509170951      
  0.166606834491652898264483327505037993      
  0.110362163598036849770068338670222911      
   5.55397195946760873330633761307377764E-0002
   2.50752772877571841785062175802968444E-0003
  -4.83838994429396494539948589598174926E-0002
  -9.68051634402608280853023535102798867E-0002
 -0.142449553255096740755279049723789123      
 -0.185036198207161544555402791882493625      
 -0.224311789977898316859977059492290880      
 -0.260052189052015160442817767736115371      
 -0.292064652347460380856432780873335704      
 -0.320188472942812476921186022713255716      
 -0.344296571465517335051238469392219788      
 -0.364295967684382804321532263347143683      
 -0.380128127387903211719664185218465462      
 -0.391769419474001614267334763031271495      
 -0.399230663692460017671550427733955395      
 -0.402556903612370854949825266906467947      
 -0.401826542962525928528443166740993135      
 -0.397150377132359582161037449354041289      
 -0.388670293089143229231953447999887932      
 -0.376557653290949425166042976988591165      
 -0.361011756717591951353643485180450819      
 -0.342257474467513213772553425595485007      
 -0.320543241462130982432540333797714204      
 -0.296138598529473430532282631197786405      
 -0.269331487509062776044566069290027401      
 -0.240426063166093530798450532544897870      
 -0.209739098564014284237048394251640313      
 -0.177597572546971035395292592872366985      
 -0.144335571364209345193932966664717949      
 -0.110291113825952995512577932652262432      
  -7.58037853738029654313373167752338338E-0002
  -4.12107612359550709208375420042497265E-0002
  -6.84449905449093616000318205343473288E-0003
   2.69703051429353011635807407244714336E-0002
   5.99196579464388446432095882164800903E-0002
   9.17023093937187848912699099594650615E-0002
  0.122033219088696309896988358323650755      
  0.150645277546680354767619359668029606      
  0.177291635732892521847480524748695821      
  0.201747782609931568969919783068459581      
  0.223812835753615650285588344980182545      
  0.243311755395478245215735914779616500      
  0.260096133607648392514132624571590004      
  0.274045328469176095223805924688532631      
  0.285067259448791551605565664313694096      
  0.293098694179930238579283887456779730      
  0.298105778126432624920529742033053649      
  0.300083754972615660268772984634069812      
  0.299056705110663931764045167787911353      
  0.295076937648938824362706606823740147      
  0.288224244981116961329600937335142410      
  0.278604709088704240840127758857701117      
  0.266349452723769776882672724954295226      
  0.251613098677446218839290904917581827      
  0.234571952760962706491096866208364522      
  0.215422425303032807560989933736973833      
  0.194378462514496994258750336948190483      
  0.171669637575734179198840268232876806      
  0.147538610182469065367161068036150030      
  0.122239270633701299382277197849733930      
   9.60329102173529547194584116528786899E-0002
   6.91872026499200512381763359423316102E-0002
   4.19729055533857067845662309541982552E-0002
   1.46604491665021289145681426202372888E-0002
  -1.24808295034513721840364728822661714E-0002
  -3.91872974578579458872867210836841330E-0002
  -6.52016811627547272615006593678926366E-0002
  -9.02762520576524133449685037399212212E-0002
 -0.114175781131575866645193588534828448      
 -0.136678027304494151824605236263610688      
 -0.157577532799986631555747279661411055      
 -0.176685901160196164602426229964775841      
 -0.193834145212470873142249562320495754      
 -0.208874529741671634318576871060598928      
 -0.221680694996169653810365877061251951      
 -0.232149796034626050304113440270405560      
 -0.240202364650888941814570272934900747      
 -0.245783314874803524217146096658379207      
 -0.248862298098009337984504249303695496      
 -0.249433450851563784601508016349627761      
 -0.247515454059562164485767605161753140      
 -0.243151027186884209379810952381627271      
 -0.236406413669174158832665040901476870      
 -0.227370228161645464063111668461166546      
 -0.216152896011355984605753115245068402      
 -0.202884706182428126819895200367847386      
 -0.187715061149948508544394402611614174      
 -0.170810621287190434971377776087334558      
 -0.152352971282781810636819191153111935      
 -0.132537881815721677584405534147176135      
 -0.111571891769984573120528522590213115      
  -8.96714847799220320420236326669004699E-0002
  -6.70603745851971092962594253535768299E-0002
  -4.39665775079190041440173828889214306E-0002
  -2.06216609609912964825109863709927981E-0002
   2.74328899528297152022194172500381729E-0003
   2.58983840806573402701151066462667365E-0002
   4.86178445802656850573794850653696860E-0002
   7.06828190459891436869395307701142162E-0002
   9.18819867703594474354488741122522982E-0002
  0.112015239753598239850223260363726370      
  0.130894142203332517662053858326652946      
  0.148344354644551496930563323033315215      
  0.164207697205934863317529964849574723      
  0.178342480055456155688802996571210801      
  0.190625992045244372108584268676304978      
  0.200954618135826220716860096715333608      
  0.209245237213456268506046110222250456      
  0.215436087265507048416463803661677986      
  0.219486771007204192100652442942936671      
  0.221379031335758328588684086543065072      
  0.221116531390911886198247774913071273      
  0.218724962599835509527060379591752870      
  0.214251588323405046768471571912445168      
  0.207764969225417240602936837642994254      
  0.199353964851473635789189705660096974      
  0.189127295464237031038394865893974400      
  0.177212464500539477224921044295611986      
  0.163754244141009092144392508702764161      
  0.148914308513951149147749320722105545      
  0.132868941510253523444366922431596594      
  0.115808679942315235716632869189831020      
   9.79366145173453956822462962832005609E-0002
   7.94665583455295251898209965585185227E-0002
   6.06230701563733520475563640189568823E-0002
   4.16390272541425488984497035520906269E-0002
   2.27560749043820868714533011398592211E-0002
   4.22360018835071395497206747599081562E-0003
  -1.37018544788418005789870321341813661E-0002
  -3.07548809407460956108853715452230969E-0002
  -4.66613680815989412670491060414076017E-0002
  -6.11352565915331473451721047991890992E-0002
  -7.38758759108788703264646415453161550E-0002
  -8.45636227614158209353896888002010093E-0002
  -9.28527723490518836963160288576709078E-0002
  -9.83636893484258538621641819606573513E-0002
 -0.100670888711534192279800534415047173      
  -9.92886732440189214474397450579778658E-0002
  -9.36519807008854993820436670679652594E-0002
  -8.30922150196741633396054031588558901E-0002
  -6.68064573408889366571061616695793986E-0002
  -4.38190797083461674625519448478929068E-0002
  -1.29309156249575953775003840614736510E-0002
   2.73395740448655125641579201444940872E-0002
   7.88347918946925258719701990437342565E-0002
  0.143853656941519384732765186526961237      
  0.225269568709773208029006799178793574      
  0.326685860492950623705098407505873186      
  0.452611659092504739333071571284838849      
  0.608697357446805004135584843937763977      
  0.802017798801479473867908348704198881      
   1.04141939933253328595791080458508227      
   1.33797458969430743371715635510505934      
   1.70549227049568109939228366990738703      
   2.16119792663743184768813928253284921      
   2.72654620552694733365165503605732817      
   3.42821095905517788162574853611447488      
   4.29937637357253418168462963809163990      
   5.38117414974924521994984127289354193      
   6.72459374495897841076255994536115291      
   8.39274902303402621762645395694877930      
   10.4636228678703756333181391242941491      
   13.0336411347185982907315181470413348      
   16.2216010112612336033835476093637901      
   20.1738971927992122696485704024901084      
   25.0706739592795268676490666933407751      
   31.1332285282599324477072780187198073      
   38.6336527478017289422321966308372134      
   47.9052719502396160132202528730632546      
   59.3565798564151680617753665161989426      
   73.4875000005397735775835140258264622      
   90.9088359391772343699618944041591052      
   112.367635050309262255149175813011856      
   138.774193111582863240106011368094516      
   171.238293213741481269866082268663879      
   211.111109463430455238768932869432586      
   260.035031745471153926144942426710643      
   320.008785547830854343298115257917878      
           1
   0.00000000000000000000000000000000000      
   4.99375267859524009733432538106748764E-0002
   9.95008341664684202170565653284921945E-0002
  0.148318822233314980901248641513400292      
  0.196026581229203318305152393557653851      
  0.242268458586838602245327863027345946      
  0.286700999976538351265406349867608773      
  0.328995739089758120307225062683418092      
  0.368842054298971053015999108537697553      
  0.405949563894697699300166704895567507      
  0.440050592580323582467713447629761321      
  0.470902410744739264010490747917358415      
  0.498289081119047413737301763254068068      
  0.522023277144226621505855532313391265      
  0.541947726809863740666316064671252550      
  0.557936528437046295963885378589554142      
  0.569895961784823351515913563893336306      
  0.577765262318868377738278747880208710      
  0.581516985002168415958371874973318919      
  0.581157109512721575986227664373969904      
  0.576724848200772764422537240135336091      
  0.568292165512475182097812686500213093      
  0.555963091734758967260499595866335714      
  0.539872593696492597049676578140589341      
  0.520185303801747017025722848429403936      
  0.497094161548348982084623450210091217      
  0.470818288271396763495646601549536419      
  0.441601427690394004617762648615539641      
  0.409709326543113438165854043659140499      
  0.375427511582399891914644095494149095      
  0.339059020349184025567663208899382159      
  0.300921136068425527787483361362626305      
  0.261343283340201422715704687582878812      
  0.220663519449148633070892942848477224      
  0.179225849713068938810711854548734985      
  0.137377553657617439465976482377492516      
   9.54654994170230836022135579177767091E-0002
   5.38339628783282178216954039842167631E-0002
   1.28209966518569504202549083458002954E-0002
  -2.72441269850479968846731525709603429E-0002
  -6.60434057067878276688486924742665642E-0002
 -0.103273332958602903975798384746311751      
 -0.138647187034446898900867538781218057      
 -0.171896809710176127552210581347814278      
 -0.202775785305761254507149916216028797      
 -0.231060719546504625043927220994399752      
 -0.256553159253983321951746849413165342      
 -0.279081206791614608143033015963200316      
 -0.298500374500060043624649373764644439      
 -0.314695245926907113095629884086108033      
 -0.327579784748194440555906195456376745      
 -0.337097935716126188673625075140142257      
 -0.343223861971886191563339699500906241      
 -0.345961790161589610248186906503958752      
 -0.345345862919700365848117230131564252      
 -0.341439419102544666488369274997554319      
 -0.334334187367212472118601741280469963      
 -0.324149138881740600249646673622356528      
 -0.311029368377720457906221671778707969      
 -0.295144250608552037685127285133142242      
 -0.276685861975943146605367240513856606      
 -0.255866990200148587918418066052037381      
 -0.232918899775028905847247799354127515      
 -0.208089508557546530315874861242449785      
 -0.181640328489032575790604932272852235      
 -0.153844386767320524777528967634269209      
 -0.124983530399089621692463763358834591      
  -9.53456335487745430764208419362149099E-0002
  -6.52224823926098275175762160806928821E-0002
  -3.49062310112043830939930557856314285E-0002
  -4.68728554950992837961921570217265653E-0003
   2.51484750767336764147439126074469769E-0002
   5.43224124934814413352807142149886555E-0002
   8.25650650272949933667694720605890972E-0002
  0.109619365081072767418835158921240513      
  0.135242328779445364188991776119445542      
  0.159207297850687991251862716991398795      
  0.181305973100701113299340456589261249      
  0.201349749825211455736723446148614687      
  0.219171899896602332788774315403281509      
  0.234628476235237138329820554513444647      
  0.247599591176808659820549067163108983      
  0.257990018198360861329359686275379352      
  0.265730422025916175481800738907089329      
  0.270777082770006507639842200568961096      
  0.273112462805054666438986567641916807      
  0.272745068119923282126401023708313138      
  0.269709024249836797718783203179434110      
  0.264063480645867711463212984388303960      
  0.255891950875708181800493669709820717      
  0.245301313811963557904138820629812381      
  0.232420172641893168560453718009521174      
  0.217398189026032869830106309060019366      
  0.200403498389813517567014069879391595      
  0.181621887340431446243131214411777627      
  0.161254518435035349946431970299688576      
  0.139515220378765523031086268028432114      
  0.116629720489184252590479750488240198      
   9.28317498259946622373556703637570726E-0002
   6.83622311841935285923605517593510846E-0002
   4.34662979478051893924396100384876251E-0002
   1.83901771399648154778994785297005088E-0002
  -6.61951913542044894711116916351193586E-0003
  -3.13200456716848013551184607973837334E-0002
  -5.54731573012123376778976391750010346E-0002
  -7.88480834964724865494501917581568846E-0002
 -0.101224320883943890600162747314669836      
 -0.122392135993331406096005012011408764      
 -0.142156175174869388386831973904087618      
 -0.160335791548717995782807190564970190      
 -0.176767326485762920034036765769358859      
 -0.191305945912672267532588767195900357      
 -0.203825836059964118402208301568185274      
 -0.214222357431256896523777647789402798      
 -0.222412006218218630775013932416214948      
 -0.228333499133189628177973902270193001      
 -0.231948263589582935650436939162853486      
 -0.233240292811087606734218032353073551      
 -0.232216396807243480594931383286002945      
 -0.228905818949805082581279464370303310      
 -0.223359914253080627321728092690536753      
 -0.215651227752257740371855769894448303      
 -0.205873049813375698781241395020165712      
 -0.194137775182893165118584377073266639      
 -0.180576269721667403089543627465423292      
 -0.165336265403760806150901816210480205      
 -0.148580290543312055413123890708339701      
 -0.130485030682172183124462563277711286      
 -0.111238247045607978450171545101754184      
  -9.10380401244377958312897816755014921E-0002
  -7.00903785219557310044089400050104157E-0002
  -4.86064019369623913808191497066380547E-0002
  -2.68017320909910381087834281535817622E-0002
  -4.89272123751402960925705078375117283E-0003
   1.69042248256964573258588395948224559E-0002
   3.83753820734854200367424638679399807E-0002
   5.93123874514031449589116781049121197E-0002
   7.95128327480565040573600788110389675E-0002
   9.87837934766841543492644870113976435E-0002
  0.116942314184826891813323456526174561      
  0.133817779733241616637692768087113463      
  0.149253978277360646053042676121083378      
  0.163109508034965695788967290903708520      
  0.175260310113004119406076082524830277      
  0.185599925123533538774868951866047510      
  0.194041040624719076617257698438531321      
  0.200516585535742420973958910959691098      
  0.204980007119716912041353042289746605      
  0.207406432187872522556153284202481943      
  0.207792884766293130442578019188152560      
  0.206158984199310073707534612836229462      
  0.202547249673406879143374943995039795      
  0.197023696351799956313435081120501598      
  0.189678065271662444231268522024577187      
  0.180624787787126915680266571824689259      
  0.170003776991665115678338055511345402      
  0.157981284417600829516548540971234135      
  0.144752384451660908798213827982506818      
  0.130542508746976138127514825346573967      
  0.115611680902823648520815500578213477      
  0.100258782114468610716839135389946193      
   8.48272965610232192973396255098976407E-0002
   6.97144694408988461002722636897441071E-0002
   5.53816252691308576145422868983779999E-0002
   4.23687841445007934905270609110801192E-0002
   3.13121447305644849771020138102139622E-0002
   2.29693497493061454411857099640600789E-0002
   1.82488694811395753377367731928427926E-0002
   1.82490096001762064537478355962335434E-0002
   2.43068777642310943966965333756658704E-0002
   3.80610714118084330066555744589465421E-0002
   6.15292902994693625293502381328131246E-0002
   9.72069660246724030158135678339385667E-0002
  0.148190408218355946191431531073449973      
  0.218329288508468702760410883364734317      
  0.312424518712192755894966104231074149      
  0.436459709893460318813787190163225006      
  0.597903636839971710937701306359841647      
  0.806078456827326752656239248542295959      
   1.07261175576951227565451372505867265      
   1.41202444581865184271962850506322974      
   1.84240084996327877415329423729109706      
   2.38627185729846547280653794243663025      
   3.07167576425448287438688020931084190      
   3.93345151259136110884791410217646939      
   5.01492044722165376556769265604010682      
   6.36976996463222589848265590304816732      
   8.06454549931604810154363993759199932      
   10.1816142929749956702235180906722501      
   12.8227550774322137962501751692825654      
   16.1138267022530116441749114963144221      
   20.2099142667414172364305847734216512      
   25.3021614246083926459625763121682309      
   31.6258222083687506421262172143765040      
   39.4699528846978891992827517511523393      
   49.1900273925133892097117420285284896      
   61.2216176269108363752523249407981807      
   76.0986382359867673496887882381652296      
   94.4746533687668148736981909675681554      
   117.148369669673322778364155530273366      
   145.096873036447502279863087205229389      
           2
   0.00000000000000000000000000000000000      
   1.24895854706189691242195843836247063E-0003
   4.98335370607847059033361714489633158E-0003
   1.11658614953424830860825634120012960E-0002
   1.97346613340967959291943480178826898E-0002
   3.06040197843280793255654173986411700E-0002
   4.36650948216078773097266318787503675E-0002
   5.87869353356911477091773524659554829E-0002
   7.58177554112719986007503856792625698E-0002
   9.45862997217506825986147560020764671E-0002
  0.114903470807763017249492943428806561      
  0.136564142355900602725269607779215393      
  0.159349009552417705909594538319288613      
  0.183026692905815109093524952848147034      
  0.207355867266356378205852092441821117      
  0.232087642241784328989627285241138441      
  0.256967723816702173974229245142789792      
  0.281738916762781853164206623051411226      
  0.306143511340846862091852197513186125      
  0.329925676834056632796192761515711860      
  0.352833979180752989930536348292841556      
  0.374623601703825203594253083018730586      
  0.395058638753938036798638011277314016      
  0.413914520552659588406015656810213807      
  0.430979988306680198550778276185550912      
  0.446058986419117604602296817587271734      
  0.458972791604312043070473584091741205      
  0.469561425122293820802588828286331346      
  0.477685404745621410532499668500747103      
  0.483226961584931212792935054603132812      
  0.486091161869281799521330854995959158      
  0.486206907553315931655622000789371884      
  0.483527587020377144057944179482846377      
  0.478031571830619013069719356648150396      
  0.469722434048585956175724480351955223      
  0.458629051625633477927080614129212440      
  0.444805236553162223274693859007385324      
  0.428329498720429200479588614873327975      
  0.409304158145343852051445945904798248      
  0.387854523508019696218992193585598088      
  0.364127968417553797818827441943091153      
  0.338292318582429847136247954846029647      
  0.310534420065395875606249348474276269      
  0.281058960658925503022348749200725502      
  0.250085845822755920214509168477625430      
  0.217848749329156578561920385463292193      
  0.184592890672012053026908841607364330      
  0.150572672287542213562274514760326575      
  0.116050049064051792530896946043443086      
   8.12912069628488213051870775190505580E-0002
   4.65648222916809014088764232598890760E-0002
   1.21394945425491642503700505848043164E-0002
  -2.17188167925739264988420726279555621E-0002
  -5.47485272492040447231620967919022083E-0002
  -8.66957291771650312598874662139458561E-0002
 -0.117315804494699602062949408358694070      
 -0.146375761186644352373535918197503632      
 -0.173656423189414637426915134528340908      
 -0.198953854861938117330807570662264357      
 -0.222081933826938285358392604049230331      
 -0.242873450058781610103258079034035450      
 -0.261181692994254942047821704855608237      
 -0.276881783116551167239940641528530618      
 -0.289871447292105310015094339042750914      
 -0.300072320938495931902230654449294982      
 -0.307430270248387537905789986921539969      
 -0.311915885270651667500378363506633047      
 -0.313524666533600339137214745338927559      
 -0.312276966675702285966922892933579287      
 -0.308217768491899183002956532491562804      
 -0.301416149441712593037324207272810009      
 -0.291964586876209390696927557165033787      
 -0.279977974705607976781509015274660513      
 -0.265592741974605174759563200465288610      
 -0.248965195587622828967332692099158622      
 -0.230270245810874011288971370995100372      
 -0.209699699260049900753307951968845103      
 -0.187460345134812718064033728344374192      
 -0.163772452314946155757501371445328574      
 -0.138867083380039812269629033003581353      
 -0.112984370304868352139385534005219772      
  -8.63710687859096126741318593523267998E-0002
  -5.92789315228441765899869690745836531E-0002
  -3.19609958371873412119101031839505541E-0002
  -4.67094903270123094064335008220222296E-0003
   2.23399464497449824596955412407531337E-0002
   4.88258907690252672955095473212649982E-0002
   7.45469694742761552143761917477865462E-0002
   9.92733027261820745897373685674579260E-0002
  0.122785356911476929236702784980476971      
  0.144876666703027153533489760069291841      
  0.165356220067864425099679152010400444      
  0.184048681619857240025294486290441417      
  0.200797446335561912718055738165958529      
  0.215464675378981783337565047587103812      
  0.227933060202673957499757266114627926      
  0.238107035372089070392203365111049336      
  0.245912742974604639572335129595883769      
  0.251299338726879067777979698444648478      
  0.254238735151914645565741830689033992      
  0.254726034671362019621505188178943961      
  0.252779328722361637685350478757216218      
  0.248439399583282301002562140179002143      
  0.241769041421431386766444891124665377      
  0.232852557822385380870919989230086109      
  0.221794803118546148651601635573933366      
  0.208719653585726457435473579580865621      
  0.193769502402835717956557256079434722      
  0.177102816539771757995977209182762014      
  0.158893491109713821487002072233733811      
  0.139328757733882030870940556626185968      
  0.118606714559688251553781642659805937      
   9.69357186306234551108988384223392464E-0002
   7.45307961711077736069441144010703423E-0002
   5.16129899939891887431693045303603203E-0002
   2.84066471284442371786427129317282438E-0002
   5.13660054892030529011688525769521249E-0003
  -1.79724109380372692293257212884963976E-0002
  -4.06996157804801645402465278983576102E-0002
  -6.28287293642849446884384680726069580E-0002
  -8.41506445370689258361064337136489018E-0002
 -0.104465939454503479723447196214120104      
 -0.123585303745660566213241417894659864      
 -0.141332790022747660804726877548066631      
 -0.157546088979629272254622240426295263      
 -0.172078575982450129336926380974306700      
 -0.184800936966199921986039352226670323      
 -0.195601347770842634244675584086259651      
 -0.204387366930839382133184798110187099      
 -0.211085909643254248770882945905303632      
 -0.215644193276585540395764330645399276      
 -0.218030128643639147628549229614490137      
 -0.218232218464710861200247845729666083      
 -0.216259691374787309827699405590264123      
 -0.212142192718962098268741345958913529      
 -0.205929446094904821906824953850396786      
 -0.197690362462486673830516570313182575      
 -0.187512705090683760264131694714815124      
 -0.175501502665266485344608617186803444      
 -0.161778569670344997483175535492060734      
 -0.146481041741075007953133109833710028      
 -0.129759503747097438399270846201093882      
 -0.111777591903134604479896703836567016      
  -9.27092080956830558849996318928684775E-0002
  -7.27381384856728569434886643032899776E-0002
  -5.20560275227305555943997371448359966E-0002
  -3.08602399669327004452643432866794711E-0002
  -9.35383631401413962048536498002747759E-0003
   1.22573043727162276634006095127394179E-0002
   3.37641107271375694592198514422476061E-0002
   5.49556972108264097716110531306668426E-0002
   7.56203316440034963739238337525027672E-0002
   9.55438894827743006369539168669961246E-0002
  0.114510623453785680403979148346043368      
  0.132300190616938425607656766547464301      
  0.148685603125917177776909768349358058      
  0.163429666537814421078458230134579889      
  0.176278307157707863817552128976127721      
  0.186954019727523663381773202299492626      
  0.195144746071980250349039950294281502      
  0.200490950180112186799054529670760924      
  0.202568303396992163826980412645074081      
  0.200865082762386154263987796144544021      
  0.194753986097510274332346156846380125      
  0.183456297163196533737587516882733426      
  0.165995424265033182073878693407178027      
  0.141140908668218591849164500700927744      
  0.107335846958187720290354680969542428      
   6.26071547169191421116572752438376097E-0002
   4.45455191106568207602520073400252770E-0003
  -7.02940568320052186931744823243872881E-0002
 -0.165650166627111314258736476525137382      
 -0.286685172713858183698820316542564037      
 -0.439797861629639217352140806412035615      
 -0.633042908261416940391664415333947969      
 -0.876557906574762861939132458816301900      
  -1.18305017410761258123605940427795107      
  -1.56843833288914777658283632991142431      
  -2.05262297697307683972308044984020091      
  -2.66042668107459609288984913013388150      
  -3.42281456579310753739583183528340583      
  -4.37826535664071203232828715871049580      
  -5.57458140403774367962931345491277658      
  -7.07104356475935418398429037843103747      
  -8.94102216978231128903252132466337735      
  -11.2753678079129923619907573746812338      
  -14.1861594457009476725034533924868794      
  -17.8116695841295916995806866871239785      
  -22.3222211649575700236649275652115192      
  -27.9272384473171422240224407402563091      
  -34.8844141528686624269694306337079269      
  -43.5096697489904391249195050629711568      
  -54.1904154514144029226270723662719716      
  -67.4010441755059097263679240837458499      
  -83.7214681371491935049853604230843023      
  -103.861265175547376323175031738325470      
  -128.685445309024022627393117216452387      
  -159.248967523781280661361477828730782      
  -196.836685258133383053512201016338147      
  -243.010849710944420687876007610089921      
  -299.673151863359553330041930073891779      
           3
   0.00000000000000000000000000000000000      
   2.08203150294239213383682167405543324E-0005
   1.66250410609292285465190724175750867E-0004
   5.59343069472566194534839930665339420E-0004
   1.32005316762677153962542425281481659E-0003
   2.56372978757828181916741864931775352E-0003
   4.39965686713811845712986356716674789E-0003
   6.92965391158081804414857884293717252E-0003
   1.02467659272999204331099462116679365E-0002
   1.44340289279218314133702112694688996E-0002
   1.95633523208262483969535842765370881E-0002
   2.56945279819698732693774390460868188E-0002
   3.28743377214153440926465487692352868E-0002
   4.11358283452111646394014363096971591E-0002
   5.04977063175230608585431109961602510E-0002
   6.09639454490861978750670407198203248E-0002
   7.25234392723194739095091159469191403E-0002
   8.51499248341140776253204089041728723E-0002
   9.88020157516660673718764592726210472E-0002
  0.113423391147919348539193618256766131      
  0.128943235460383066889527735423459331      
  0.145276681545050930297333139864684952      
  0.162325461999559703905018672403146579      
  0.179978900568010845310052570035482986      
  0.198114790681286028119356762901974773      
  0.216600361574801624771575522535293773      
  0.235293806059162059909779973578402574      
  0.254045261825094413377090197227198312      
  0.272698550695028767757167519728232803      
  0.291092554848612959365737244831588553      
  0.309062664982973301736112247077280970      
  0.326442715458904157802207012142744813      
  0.343066310341319682122974282528559601      
  0.358768803409704457260488411599235430      
  0.373388853413881284701535138474148273      
  0.386770004839709797161270592179813345      
  0.398762569134533977378885717935389253      
  0.409224968543613121469265394673602106      
  0.418025478307005447907290666845829909      
  0.425043577944297498367588720858726530      
  0.430171279749749429071241292689216256      
  0.433314482465698350486031477702731102      
  0.434394031750884207414975710715684753      
  0.433346727225499207686315247151742799      
  0.430126209074414405637774314823747207      
  0.424703629529890794530616127974431161      
  0.417068204499315243649110288662990909      
  0.407227535767357124533450943506080112      
  0.395208011736087784519513956855485427      
  0.381054553143445391746533659712137765      
  0.364830641358966430649496525246976787      
  0.346617951592108536413727001202697462      
  0.326515753438804833536513136458288076      
  0.304640633686785417209570157812706070      
  0.281125085416250408531011367120285217      
  0.256116889826957400764954255740895560      
  0.229777881870362059834758557034299066      
  0.202282533937807981659979847096868306      
  0.173817074767402304496536950228737676      
  0.144577174369308109569848287788589902      
  0.114766834730007695461178872155775262      
   8.45965447707117872313326726672800722E-0002
   5.42813475845733058837678574099260430E-0002
   2.40395760583777405289055287070755239E-0002
  -5.90989773194008776579150234679132045E-0003
  -3.53489863434287521048705886140456492E-0002
  -6.40624370567727291501662852046735001E-0002
  -9.18398528695786452832865622937826956E-0002
 -0.118477025814935077958525757564552810      
 -0.143778542205900360817512405482153658      
 -0.167558989504543653969670597325812109      
 -0.189644750261750119132881870477264749      
 -0.209875654093849748263452149673543206      
 -0.228106047011330688016075880531544987      
 -0.244206690151392028789741055656545050      
 -0.258065542904535756525852607661381920      
 -0.269588891102671803497051780194550675      
 -0.278702250328417417911981741808894925      
 -0.285350899353961002523366443460522146      
 -0.289500660180303890363296464259168946      
 -0.291138049181342376771155872924230106      
 -0.290270467470778598735554997154821236      
 -0.286926214985780070635349667646721020      
 -0.281154132731843902965610793839994632      
 -0.273023371352431190515841410789035452      
 -0.262622804300756105450405234876014795      
 -0.250059859826964035954317336882593900      
 -0.235460326151190406384766416961270286      
 -0.218966296442394453399153414677776281      
 -0.200735840393520453536484218469878223      
 -0.180941265613533826345767692989470168      
 -0.159766953467493996265964647428171964      
 -0.137409074768648779571233681990669604      
 -0.114072245816539737068335421900437657      
  -8.99691715431270466693498429476995448E-0002
  -6.53181511301830027070563865707621404E-0002
  -4.03404028756363690877471031134518714E-0002
  -1.52597481031301432295932422105968457E-0002
   9.70126695405905044527339267308133974E-0003
   3.43216778630508172833252465408736468E-0002
   5.83847892330469286053307222654970172E-0002
   8.16807630052646284587108703332332645E-0002
  0.104006886979792094546003852804210621      
  0.125171123919258420290398816156210267      
  0.144992287911780625468595613782443537      
  0.163302322567222154949875403132943960      
  0.179948227722194787071298376374211619      
  0.194792202333705242849753200937716529      
  0.207714086669558266623078020012755611      
  0.218611349734794290392833614063066058      
  0.227400454283345150315094483996029610      
  0.234017700671189895292559944291286728      
  0.238419190135018902322870200227876082      
  0.240581641166647693300314834207829530      
  0.240502169238645051713444509678321371      
  0.238198446187495038119246825460721847      
  0.233708288306670264004708103967630894      
  0.227089426858286445233324653920519712      
  0.218418552684838429914310221556737895      
  0.207790917617718918357335029656845670      
  0.195319272265627964309566201172428499      
  0.181132311245512025217805577152669815      
  0.165374284841198088475766832688490051      
  0.148202527038013919460165155202849256      
  0.129786952127829218988352174118457793      
  0.110308032134748793369591072915242068      
   8.99544692664990084161794963227000007E-0002
   6.89227234938872099198542676757121674E-0002
   4.74136164332202614759263325412162438E-0002
   2.56318248044028604669921840052720310E-0002
   3.78337227149546031760756059073817087E-0003
  -1.79269320067373735777933601476812749E-0002
  -3.92959522857575267191896548090213732E-0002
  -6.01257585523915241826843766608544740E-0002
  -8.02240319781146991326045386011454552E-0002
  -9.94064850101124831152597089603367935E-0002
 -0.117499078728154602263804743974553315      
 -0.134338376275901285639083067150168964      
 -0.149774418110977154038674996230598264      
 -0.163670953436398801818482254252029296      
 -0.175907244881032602967612831487947024      
 -0.186379473661427177503848682105231909      
 -0.195000943488204919061578627077026409      
 -0.201703708460482810731248075246942592      
 -0.206438639930190326264528131644781257      
 -0.209176298834537351578088134649463696      
 -0.209907332789723262243768302812387736      
 -0.208642615624128313735604028394062390      
 -0.205413465590110263902106521907649704      
 -0.200271752762130983155174801157417047      
 -0.193289951333733811358738667662363495      
 -0.184560837519046103584839352689562900      
 -0.174197995386885351213317711088820434      
 -0.162335232670839704652903729360116937      
 -0.149127461795824609777510727716200095      
 -0.134750932273463090731573101156562385      
 -0.119403590778802791836037565184340550      
 -0.103307391261230281992172999612478818      
  -8.67091380616080100326984008196408437E-0002
  -6.98844413740009428636024083913579069E-0002
  -5.31413319366921389083916255937853511E-0002
  -3.68253430540902073443806073588352484E-0002
  -2.13279677726743093501537736468246935E-0002
  -7.09595430146646590120873769555880386E-0003
   5.35528771021607615193218602264704040E-0003
   1.54256854112732137518426228216344892E-0002
   2.24072534900882041012428877377072664E-0002
   2.54571634688418086121632124561197945E-0002
   2.35619137024140755518511632958389112E-0002
   1.54924394291260085419979428559658394E-0002
  -2.53601015478624455201898016904887375E-0004
  -2.55227022457431158946258560805318909E-0002
  -6.25960760117852970940583624150077951E-0002
 -0.114302398508587638343432522793070592      
 -0.184157284881540388388846179683422484      
 -0.276544792005914346607709759809331424      
 -0.396928459350435146111238712217004916      
 -0.552128265853922372337872827582943943      
 -0.750657063471663531524625263289629757      
  -1.00313343401847419887892008755211449      
  -1.32281941616071455442573676438129353      
  -1.72623144254377161100063103046168319      
  -2.23394744281554527700378974307362784      
  -2.87157519683397315423337360212437631      
  -3.67093262747301624571971239768911221      
  -4.67158382750322592138583363471972284      
  -5.92255675190673528947350871134797126      
  -7.48461838987837353899085920590569646      
  -9.43297910950419183459731356464455036      
  -11.8605679002270422362089931879168679      
  -14.8822936749163331872148027050277894      
  -18.6397387062393296847591891237033931      
  -23.3073937423308605182717765140858966      
  -29.1000039476477366959249917602025682      
  -36.2814108087947906191349251656553651      
  -45.1760635814884922004298657658411806      
  -56.1814972354242975965578551662468980      
  -69.7849792071295046546736268385394034      
  -86.5829470021913202428371212607565921      
  -107.304264379774769332229366466004121      
  -132.840545324610689802719053670115651      
           4
   0.00000000000000000000000000000000000      
   2.60286500975521404988776194868277221E-0007
   4.15834052260962462238000998226659733E-0006
   2.09990092491650970555838054966200012E-0005
   6.61351116890254847951155652534807999E-0005
   1.60736476492741716806445779503549834E-0004
   3.31470420372822448001834766471740246E-0004
   6.10096967870740119782898656021759692E-0004
   1.03298505691935621789581397321964913E-0003
   1.64055249071691361320257254466117442E-0003
   2.47663897216050725897057861650956708E-0003
   3.58782060886963710504760340385702198E-0003
   5.02266707029425476649280366255806132E-0003
   6.83095987713634197936122994206666418E-0003
   9.06287118382987375443884226062155405E-0003
   1.17681325088670260563568290772626539E-0002
   1.49951620241557783716118811527771057E-0002
   1.87902137176909500673192731582999468E-0002
   2.31965205068504904766186610288131990E-0002
   2.82534502330901805067045193603249863E-0002
   3.39957202806587333756970563103437593E-0002
   4.04525968186035494224559256653382487E-0002
   4.76471519684391596658211504126685060E-0002
   5.55956608570242170400597959335876840E-0002
   6.43069668207878563310022718828310312E-0002
   7.37818817444565802501908053396485307E-0002
   8.40128879787769914259511113789102219E-0002
   9.49835976947953932456807093918964998E-0002
  0.106668652876011243414021451360061253      
  0.119033492017794842736518981317158713      
  0.132034188575234680040501359628012606      
  0.145617700528278813994365259535744610      
  0.159721769043208854261984153040782417      
  0.174275394709905718459058830755287958      
  0.189199104456191555950505367700746994      
  0.204405303660285590109657392142068492      
  0.219799091803467187506443195082166134      
  0.235278635711338646446195149417815144      
  0.250736179490346805452606588708750327      
  0.266058774050628687491657438879400428      
  0.281129086055710854987455794826798588      
  0.295826606043912643456032019560156580      
  0.310028617687004984453548313257713771      
  0.323611066972523352809620497591457434      
  0.336450111384956940263270716961516300      
  0.348423017821549773724708648430421436      
  0.359409421829859627646181146323487210      
  0.369292568723827961028417016922328774      
  0.377960321579432372189932837974303307      
  0.385306618466104330711169815196899243      
  0.391232421929950185861012276645457654      
  0.395646870961594451632967053996249699      
  0.398468339160603455026084569634401458      
  0.399625372290845390104889000521850565      
  0.399057677653799944107305197161698893      
  0.396716884512480177094414148977920892      
  0.392567288317068080840273734409058360      
  0.386586440708872275491775762351232366      
  0.378765783540759230402705130456151300      
  0.369110870552313675429042564480909847      
  0.357641741263777314144687241331148505      
  0.344393036917900114647380431128881239      
  0.329413933274056726711532688451592909      
  0.312768309053263079630007683234831965      
  0.294534056728131776017631082481963545      
  0.274802966049902478486526962603382427      
  0.253680130302446916496569588935353999      
  0.231283181267568691319928193150852582      
  0.207741942667205867559215149742825713      
  0.183196889632613309032518916570728724      
  0.157798559710806000287463757040455043      
  0.131706334290428642727192747174463686      
  0.105087101161653353852659595164620120      
   7.81144706787874154065538878988999672E-0002
   5.09666450348087868958398096592437393E-0002
   2.38254946652174431954893632516929033E-0002
  -3.12504662988827129021044250582067449E-0003
  -2.97006224964487806765131436344034739E-0002
  -5.57174866955400247903942264145239903E-0002
  -8.09948113785382585090858892981423151E-0002
 -0.105355718615778569888212267956034671      
 -0.128629037922328298522533455501756741      
 -0.150650253605288592858572633439900645      
 -0.171264120951401624105581702944085481      
 -0.190324664548603901880499532956155386      
 -0.207697179596643037936149687510766530      
 -0.223259880281899403096521154767367720      
 -0.236903902480723668678935985219370285      
 -0.248535495756938126905301960314538934      
 -0.258075957151510974281396292578121881      
 -0.265462872161785284112143470455655189      
 -0.270650861036004345797831195142263389      
 -0.273611619157404972338851314599656997      
 -0.274334644312290504154742849932355589      
 -0.272827166449003128749690591903116170      
 -0.269114352812735313712456763865620446      
 -0.263238974713819617231230214216295391      
 -0.255261418786473707352259107783061466      
 -0.245258799248689409833822305779728522      
 -0.233324846886178469211325483510800214      
 -0.219569023119012398922580715039083851      
 -0.204115162424922079293816134389463017      
 -0.187101415442550791582445613795090502      
 -0.168677935885253696875435486392984787      
 -0.149006723236541485428314739757131308      
 -0.128259829062254037103385454407500599      
 -0.106617256808058083233179405004408693      
  -8.42668341124639532339144720939189679E-0002
  -6.14009700106979160703198720677013121E-0002
  -3.82164772037769320730792294271213878E-0002
  -1.49122561184942225445609220871803350E-0002
   8.31309825237990074262127666245787500E-0003
   3.12614631532924488675931732059278309E-0002
   5.37386630402568423716136881651497152E-0002
   7.55546198662496844944415775991406843E-0002
   9.65256871911126146905046769286563364E-0002
  0.116476817239811765829178307705206069      
  0.135241712621953093133593425811287998      
  0.152665785828033389541803230866552960      
  0.168606228289083526229069588140308037      
  0.182933852355559131447188104029071299      
  0.195534560265202731880495509803296510      
  0.206309422181651626619014742150275679      
  0.215176488123300682416694519505927148      
  0.222070734622354039454348728227449747      
  0.226945013888164641690432268539834785      
  0.229770507836564451234109055208880892      
  0.230536689426734286735653523388229290      
  0.229251613141668214986320961455421305      
  0.225941727361286624216985478759904384      
  0.220651733426266062740648025790094181      
  0.213443939187378902341933382956016691      
  0.204398094592545286981240684367034227      
  0.193610134495300955529132999681046948      
  0.181191887705039243291666583825727017      
  0.167269906320176426538870556325160748      
  0.151983896600901506917840526362245265      
  0.135486472762515435010440220277856683      
  0.117940698443590924223100056587290144      
   9.95197846749698571594560030296782564E-0002
   8.04052246441773775682149469953118156E-0002
   6.07847428254217509803721300248684062E-0002
   4.08521030696744151122118528721182748E-0002
   2.08041540456038816229852147424507253E-0002
   8.40727697431560881888854306670696379E-0004
  -1.88372839762854129376098004011645291E-0002
  -3.80297252088395637113094689761524475E-0002
  -5.65369563752516573797248730828650971E-0002
  -7.41621848944482507206782596862377709E-0002
  -9.07108245593050672600557169952952368E-0002
 -0.105991346363740780808437043918347516      
 -0.119815525042373676205207181215193273      
 -0.131996788204166078984337834829708204      
 -0.142349950986948982485365482765515550      
 -0.150688254827487520495983857263908659      
 -0.156820708277772090717694012699510608      
 -0.160547866039404652056267055080771007      
 -0.161655666351163737492500292137342718      
 -0.159908038273994663485825226495172225      
 -0.155036801743683442709777523336602931      
 -0.146729027113128714366982101845613691      
 -0.134610334104680020163768215350611046      
 -0.118224667539283401327653207163391466      
  -9.70079102949815761389450047658502076E-0002
  -7.02556969144206342102884869232327960E-0002
  -3.70801363899125989419477741059600499E-0002
   3.63859709767060192584896167654563608E-0003
   5.33184008171002100615353116315064717E-0002
  0.113754819849202719718884677357238792      
  0.187219099477827623006971428715841674      
  0.276587800575735935230776036726492295      
  0.385488122881540547337416005423198691      
  0.518493715723353940735055519612853854      
  0.681359356753978420397237865164622118      
  0.881308631811175270290444872570492943      
   1.12741057437443951331269358133950312      
   1.43100234650945427892759793504291296      
   1.80625273610972806220291178467926626      
   2.27083513510694565452266635384828674      
   2.84674763008157708409750437486007138      
   3.56138190684390732390830020140416274      
   4.44871414724052708712743778915855389      
   5.55088679523944524464981384655656451      
   6.92008601528910334466677561357571122      
   8.62081531140287696589648007353099680      
   10.7328547194318234026899583414590898      
   13.3545164915748026077766668025024533      
   16.6069731853753608713977405869674664      
   20.6393542187908555469543902199246594      
   25.6348793914301372928176946566738590      
   31.8188442023007593336477186059731186      
   39.4672708930091846319421574831896397      
   48.9184508495410688434167319678721031      
   60.5864170821296728389734604935898785      
   74.9770589997407839043680676851196074      
   92.7091324161054471486708961803677551      
   114.536637179741049037902959284183939      
   141.378837280562879652163554576129841      
   174.354978103935983598274309665793837      
   214.825566517671986964079007334688014      
   264.446316433280178214394202658437044      
           5
   0.00000000000000000000000000000000000      
   2.60308181930834911966827925290660189E-0009
   8.31945445056122449972500103433325377E-0008
   6.30443348213442292030507671066826128E-0007
   2.64893962526515342042590419224841224E-0006
   8.05362672391947616589320391674906536E-0006
   1.99481980261704217942860954028996508E-0005
   4.28824006539141188429593617396502990E-0005
   8.30836122154951946984008659232635704E-0005
   1.48658041025737457886228844934122219E-0004
   2.49757713635746537311878169001048115E-0004
   3.98709898735563535610261996667042981E-0004
   6.10105000736767649458077048137004194E-0004
   9.00841536778568499698619083291453047E-0004
   1.29012486642946001037784874855599272E-0003
   1.79942164092138034040739227693044454E-0003
   2.45236196530696043072754690745205012E-0003
   3.27459834053839689953462487688717414E-0003
   4.29361536427244592274842011488244725E-0003
   5.53849227161961587634618374187012009E-0003
   7.03962921669538601147332494008088021E-0003
   8.82841920655818652962001980391855770E-0003
   1.09368820730703701781599365409274788E-0002
   1.33972881864322858723979154120251629E-0002
   1.62417254295703069718735967485815107E-0002
   1.95016234488875249710377838634484933E-0002
   2.32073311430375078472553487361954924E-0002
   2.73875663516000674012540826709988416E-0002
   3.20689778281336118282475346278953380E-0002
   3.72756235395686323605556558081257361E-0002
   4.30284305048450052054997023501854992E-0002
   4.93447968651287847334423700583327790E-0002
   5.62380098663692203062087783160785888E-0002
   6.37168983193596294919746126449591421E-0002
   7.17853729213886089033825347977558811E-0002
   8.04419765800458614424046932439074471E-0002
   8.96796778853826118169488576901512312E-0002
   9.94854080902694117455857750859310280E-0002
  0.109839965771832355467570838311875697      
  0.120717767268673431472190425380662706      
  0.132086634615927369971766098655542144      
  0.143907887523051342694489926145320322      
  0.156136303950532164860392406170429064      
  0.168719984195112039637469528177977303      
  0.181600846823193886523317626902213745      
  0.194714615410524899728128264979596530      
  0.207991166940195088948014475509016240      
  0.221354958673291947896233679231542326      
  0.234725206401178023439202103421262281      
  0.248016769309520806198306367604483532      
  0.261140462260489729173203577176970380      
  0.274003747980971584815097980850258208      
  0.286511481156845313819636138317847984      
  0.298566408496741249298765231001025580      
  0.310070309901825334040614016894305974      
  0.320924579335968103722204688106883900      
  0.331031138972138938839918636488711394      
  0.340293359067230613027228247634364400      
  0.348616779380650587342110104344837806      
  0.355910276817750042474340925028485893      
  0.362086785368484666426396307467171708      
  0.367064233864346435155246988486234786      
  0.370766433379007457362775621483475926      
  0.373123858014091374103278388207052022      
  0.374074560254837009857157569264002951      
  0.373564857698041104667535261423250236      
  0.371550064109618908814590010493767326      
  0.367995117472583248553844466659347111      
  0.362875234651944231449091876816270439      
  0.356176313061041925883291885973999663      
  0.347895411349920501080171817010353777      
  0.338041067945402291237415016042462603      
  0.326633481133683752842864926669043762      
  0.313704874339250915098288551341182889      
  0.299299208463099937318108306729850431      
  0.283472327384026161455444198589035744      
  0.266291737158584989735688790867711592      
  0.247836239222140258781745586196875986      
  0.228195907340382857852660078393899078      
  0.207471073834422598273630071796586926      
  0.185772089469380280426702206355272550      
  0.163218444627793476703815064444894677      
  0.139938538353102793957994089564993558      
  0.116067603642211137386967569807151609      
   9.17481951102427467786997769944023574E-0002
   6.71285200068904830953057836521871705E-0002
   4.23606260261648034131518498763024154E-0002
   1.76009014132670407653155696458298292E-0002
  -6.99300251946281808518203842229670713E-0003
  -3.12617519546534933652947532635755693E-0002
  -5.50463140023088339686100074168288123E-0002
  -7.81899013561346100572673178409026569E-0002
 -0.100537684186590269792718771161678587      
 -0.121939827375119081329588672847533991      
 -0.142251241582257712134182260616819530      
 -0.161333502189465325103167433761295583      
 -0.179056541474921822729560357048403129      
 -0.195298549327848804612983749350864336      
 -0.209948400141749630978006292495774615      
 -0.222905541782077054678760789725855116      
 -0.234081458806409269288829824724054672      
 -0.243400754608658026967031830636132324      
 -0.250801184911560910043716231706974039      
 -0.256234994145846969021611562332094062      
 -0.259668890337544024188381681532416572      
 -0.261084737062183361977635729191032555      
 -0.260479778513133597297400830001675849      
 -0.257866735071590863768054123657000666      
 -0.253273769425217848255855997303454168      
 -0.246744493222815843336299809601357134      
 -0.238337723121753724784590818591099232      
 -0.228126774308908088475839878818940764      
 -0.216199552485169133163890467349446903      
 -0.202657141767187205868026981471009970      
 -0.187613802324419631608289301226972451      
 -0.171195820877061590380736804666515524      
 -0.153539996082829652216227282986013315      
 -0.134793682580209470916947128645820535      
 -0.115112278243680927534500624382846949      
  -9.46591953535864797323770858713701831E-0002
  -7.36040321738195044682213197054726522E-0002
  -5.21205524608962919595919459882216806E-0002
  -3.03866675216241251187313812189718634E-0002
  -8.58133625910565721402691754484390921E-0003
   1.31154821608089417148477981909623353E-0002
   3.45249563469294696243817198428315390E-0002
   5.54714887912489937961663694061731510E-0002
   7.57827797511053489504251427619914670E-0002
   9.52928694920718049946584695550152068E-0002
  0.113842176921418137781741679531529925      
  0.131279475530706707082689405909036500      
  0.147463637331728102870071114835786678      
  0.162263706016485433216664505391004232      
  0.175561243090692864078886980468375040      
  0.187250324777083945384735359628475713      
  0.197238942671673181986082136602790717      
  0.205450012131595578191616573579721337      
  0.211821415627509711947750435437458056      
  0.216307165235947244249919123061224843      
  0.218877339704818149500991444808784441      
  0.219518619194869406747924149517381891      
  0.218234356084146882939209830181123379      
  0.215044577508456400235147646239524255      
  0.209985756766250978769102941272292426      
  0.203110723974399289948388354801862114      
  0.194488278271548197074984241220150016      
  0.184202383150168656328244778832188695      
  0.172352209675880295767474440077564710      
  0.159050711982048479851984193984015594      
  0.144424687324272354969574151224327765      
  0.128613779224595161553101262332167195      
  0.111769268253840089041571994482040795      
   9.40545087344936759691916531626302914E-0002
   7.56431183833544023629742764587894735E-0002
   5.67197822326876637553939187683422745E-0002
   3.74796642881105746727283475635807824E-0002
   1.81280835465818679053793657817739361E-0002
  -1.11747977983241696874736996255536274E-0003
  -2.00275112674916127599747665442151203E-0002
  -3.83570330860768746938436096257571440E-0002
  -5.58430084725685339530189853225065864E-0002
  -7.22003363085474788532784431287103642E-0002
  -8.71147089306278316491106798553793204E-0002
 -0.100235064426775752202697966358913864      
 -0.111162381519816563472324755711275235      
 -0.119436337148910714783637372060670976      
 -0.124515794969065805640462636982661920      
 -0.125756309160118179126173341614503057      
 -0.122380113135743051856215182590080291      
 -0.113438601686348120749050260369503530      
  -9.77638922460356411238480902684070221E-0002
  -7.39098498320089235227316691414597956E-0002
  -4.00762955902780642698629163963386068E-0002
   5.98504754399261311844538982365428861E-0003
   6.70868314174255980833068475208710732E-0002
  0.146757604610928072325686955972433505      
  0.249417326998429725216895850340748467      
  0.380608284051304851518667536580147901      
  0.547275171392580710994004813395098821      
  0.758108782232042559851843731069879955      
   1.02399360061374731450264602415431268      
   1.35851612117653924096346949558719664      
   1.77863649535127561322788199112437157      
   2.30549418087245847217148387659212723      
   2.96538999599330141272322822070282509      
   3.79106353556622277598844575839610828      
   4.82312266350067116407167646155784187      
   6.11193579454661746332376692946209689      
   7.71988159930791182110307100876103740      
   9.72407383200890692199786034142071808      
   12.2199048915936126968020918542190384      
   15.3249518013399131249373833719918542      
   19.1841618133258247543096110577040450      
   23.9759634649905363618400780484863664      
   29.9196224492675897862291167955092640      
   37.2848152320899126124726450832304149      
   46.4020125515128059616065592529572115      
   57.6763251534072733800838622229879686      
   71.6036739791761093058065625563866015      
   88.7901374201575089081098847538017645      
   109.977173067943729277121101526864826      
